14709800 
6305400 
4393500 
4722800 
7173400 
6229400 
5664900 
5983900 
7080600 
6871900 
8270300 
13502900 
7203100 
4780500 
3534800 
4218500 
2992400 
3670600 
4248000 
3892300 
3747400 
4053100 
4007900 
3992600 
3348900 
4226600 
3770900 
3232400 
6056400 
1852800 
1815800 
2495500 
2531900 
1944600 
1866500 
1748400 
1856500 
2001200 
2021500 
2552600 
1843900 
1788100 
1787700 
2099400 
1797400 
1898500 
2138800 
2773300 
2011100 
2415200 
2138800 
1938700 
1807900 
1670400 
1614500 
1611200 
1598800 
1682400 
1483600 
1451600 
1454200 
1419500 
1433700 
1451300 
1462900 
1461100 
1520900 
1445000 
1528400 
1457500 
1452700 
1467200 
1476600 
1454900 
1453500 
1524800 
1445900 
1967700 
1431000 
1639400 
2026000 
2577200 
2361000 
2292300 
1529900 
1514700 
1631900 
2079800 
1472700 
1549000 
1512100 
1437300 
1436500 
1448100 
1421600 
1428200 
1415100 
1442500 
1444100 
1516500 
