100 100
0001 0047
0002 0089
0004 0069
0004 0087
0004 0019
0004 0021
0004 0035
0004 0067
0005 0032
0007 0100
0007 0096
0008 0083
0008 0011
0010 0092
0010 0029
0010 0022
0011 0068
0011 0016
0012 0042
0012 0019
0012 0046
0014 0043
0016 0069
0017 0030
0017 0065
0018 0050
0018 0067
0018 0034
0019 0026
0020 0077
0021 0097
0021 0045
0021 0028
0021 0049
0022 0040
0022 0030
0022 0087
0023 0057
0024 0046
0024 0054
0024 0060
0025 0057
0025 0059
0026 0100
0026 0069
0027 0034
0027 0036
0028 0054
0028 0045
0031 0073
0032 0036
0032 0058
0033 0044
0033 0082
0035 0045
0037 0046
0037 0088
0037 0062
0038 0092
0038 0091
0038 0049
0039 0086
0040 0046
0040 0060
0041 0051
0044 0078
0045 0048
0047 0083
0047 0085
0049 0094
0049 0060
0050 0089
0051 0086
0052 0073
0052 0094
0052 0080
0054 0091
0054 0078
0054 0076
0054 0062
0054 0072
0057 0061
0057 0066
0057 0074
0058 0060
0062 0094
0062 0090
0063 0080
0064 0066
0068 0075
0068 0087
0071 0099
0071 0100
0072 0077
0076 0100
0081 0086
0086 0088
0088 0094
0088 0091
0097 0098
0100 140
0099 546
0098 567
0097 409
0096 825
0095 867
0094 541
0093 574
0092 952
0091 88
0090 700
0089 369
0088 688
0087 399
0086 857
0085 834
0084 250
0083 228
0082 809
0081 562
0080 830
0079 316
0078 63
0077 468
0076 468
0075 984
0074 428
0073 176
0072 37
0071 476
0070 790
0069 725
0068 272
0067 153
0066 460
0065 304
0064 920
0063 423
0062 97
0061 512
0060 550
0059 431
0058 824
0057 708
0056 268
0055 744
0054 551
0053 767
0052 490
0051 552
0050 38
0049 362
0048 12
0047 446
0046 401
0045 939
0044 683
0043 597
0042 292
0041 637
0040 771
0039 812
0038 232
0037 184
0036 93
0035 92
0034 995
0033 570
0032 550
0031 593
0030 252
0029 262
0028 192
0027 437
0026 727
0025 404
0024 703
0023 593
0022 69
0021 537
0020 814
0019 733
0018 361
0017 889
0016 755
0015 586
0014 86
0013 994
0012 721
0011 709
0010 525
0009 243
0008 933
0007 255
0006 853
0005 428
0004 179
0003 596
0002 755
0001 576
200 200
0001 0014
0001 0162
0002 0192
0002 0070
0003 0150
0004 0079
0004 0006
0005 0017
0005 0052
0005 0109
0005 0182
0006 0039
0007 0107
0007 0033
0009 0059
0010 0070
0011 0100
0012 0060
0012 0087
0014 0073
0014 0077
0014 0185
0014 0020
0015 0024
0015 0055
0016 0105
0016 0025
0018 0064
0018 0080
0018 0163
0018 0161
0020 0147
0020 0062
0020 0068
0020 0052
0020 0093
0021 0090
0021 0130
0022 0150
0022 0040
0023 0188
0023 0038
0025 0091
0026 0097
0026 0160
0026 0199
0029 0129
0029 0108
0030 0135
0030 0126
0031 0126
0032 0133
0033 0115
0034 0144
0034 0189
0034 0085
0034 0110
0035 0068
0036 0057
0037 0100
0037 0131
0039 0185
0039 0155
0041 0200
0041 0155
0042 0096
0044 0131
0045 0090
0045 0123
0046 0093
0046 0193
0046 0060
0046 0090
0046 0185
0047 0129
0047 0075
0049 0067
0051 0170
0051 0110
0053 0074
0054 0188
0054 0174
0054 0170
0055 0179
0055 0081
0055 0125
0055 0181
0057 0095
0057 0139
0057 0115
0058 0175
0058 0169
0059 0070
0059 0176
0061 0107
0061 0174
0062 0078
0062 0131
0062 0159
0063 0179
0063 0153
0063 0085
0065 0076
0065 0139
0066 0190
0066 0116
0066 0141
0067 0102
0068 0109
0068 0181
0069 0133
0069 0114
0070 0149
0070 0100
0071 0140
0071 0199
0071 0176
0072 0106
0072 0173
0073 0126
0073 0145
0076 0095
0077 0198
0078 0148
0079 0153
0080 0131
0082 0097
0083 0106
0083 0153
0085 0152
0086 0135
0086 0155
0086 0172
0086 0194
0086 0113
0087 0194
0087 0156
0089 0112
0089 0174
0089 0115
0089 0192
0090 0200
0090 0135
0091 0164
0091 0108
0092 0135
0093 0170
0093 0184
0094 0149
0097 0189
0099 0180
0100 0178
0103 0114
0103 0172
0103 0117
0104 0119
0105 0159
0105 0134
0106 0141
0110 0150
0110 0112
0110 0176
0111 0181
0111 0166
0113 0169
0114 0135
0114 0145
0115 0179
0119 0169
0120 0125
0120 0145
0122 0184
0122 0178
0122 0181
0125 0183
0126 0141
0128 0147
0129 0149
0132 0191
0132 0199
0133 0164
0133 0155
0135 0190
0139 0199
0139 0148
0144 0182
0146 0179
0147 0200
0147 0196
0151 0155
0152 0167
0153 0173
0154 0183
0155 0192
0155 0186
0159 0187
0162 0194
0183 0198
0188 0191
0189 0195
0200 372
0199 247
0198 999
0197 878
0196 959
0195 27
0194 651
0193 403
0192 202
0191 9
0190 181
0189 878
0188 399
0187 641
0186 208
0185 39
0184 38
0183 988
0182 333
0181 588
0180 334
0179 973
0178 238
0177 460
0176 147
0175 193
0174 221
0173 170
0172 177
0171 882
0170 662
0169 965
0168 80
0167 890
0166 11
0165 942
0164 961
0163 70
0162 655
0161 873
0160 255
0159 896
0158 773
0157 576
0156 449
0155 994
0154 298
0153 732
0152 279
0151 880
0150 272
0149 925
0148 795
0147 493
0146 476
0145 4
0144 347
0143 537
0142 986
0141 647
0140 540
0139 425
0138 335
0137 381
0136 201
0135 391
0134 840
0133 683
0132 155
0131 948
0130 993
0129 53
0128 115
0127 395
0126 504
0125 377
0124 151
0123 352
0122 492
0121 913
0120 281
0119 921
0118 16
0117 79
0116 662
0115 764
0114 164
0113 158
0112 749
0111 17
0110 182
0109 526
0108 214
0107 937
0106 852
0105 545
0104 470
0103 127
0102 781
0101 564
0100 648
0099 917
0098 625
0097 256
0096 501
0095 307
0094 399
0093 489
0092 232
0091 724
0090 190
0089 574
0088 939
0087 993
0086 581
0085 498
0084 246
0083 738
0082 102
0081 410
0080 778
0079 321
0078 168
0077 153
0076 824
0075 506
0074 837
0073 472
0072 335
0071 785
0070 268
0069 786
0068 494
0067 394
0066 960
0065 679
0064 774
0063 438
0062 384
0061 927
0060 676
0059 580
0058 8
0057 754
0056 718
0055 287
0054 815
0053 902
0052 884
0051 63
0050 306
0049 904
0048 729
0047 914
0046 602
0045 910
0044 249
0043 916
0042 434
0041 532
0040 581
0039 829
0038 796
0037 53
0036 309
0035 722
0034 620
0033 877
0032 934
0031 214
0030 684
0029 909
0028 260
0027 251
0026 314
0025 151
0024 25
0023 843
0022 863
0021 210
0020 239
0019 316
0018 777
0017 368
0016 843
0015 875
0014 811
0013 614
0012 394
0011 880
0010 163
0009 979
0008 472
0007 35
0006 925
0005 269
0004 734
0003 709
0002 678
0001 521
300 300
0001 0142
0001 0236
0002 0271
0002 0256
0004 0180
0004 0153
0004 0292
0004 0109
0004 0124
0005 0203
0005 0104
0005 0092
0006 0241
0006 0125
0006 0204
0006 0229
0006 0237
0007 0177
0007 0092
0008 0151
0009 0035
0010 0212
0010 0056
0010 0115
0011 0037
0011 0227
0013 0225
0014 0151
0014 0149
0014 0078
0014 0115
0014 0016
0015 0097
0015 0249
0016 0018
0017 0165
0018 0227
0018 0245
0019 0255
0020 0088
0020 0287
0021 0100
0021 0087
0022 0045
0022 0243
0023 0046
0023 0175
0024 0255
0024 0144
0025 0113
0025 0070
0025 0125
0026 0251
0026 0294
0027 0278
0027 0260
0027 0225
0028 0280
0028 0134
0028 0145
0029 0060
0029 0083
0029 0112
0031 0071
0031 0101
0032 0191
0032 0206
0034 0224
0034 0185
0034 0153
0034 0138
0035 0130
0035 0186
0036 0174
0037 0150
0038 0212
0039 0249
0040 0235
0040 0151
0041 0195
0041 0130
0042 0236
0042 0227
0042 0255
0043 0096
0044 0209
0044 0199
0044 0223
0045 0222
0045 0276
0045 0166
0046 0280
0048 0241
0049 0079
0049 0059
0049 0285
0050 0086
0050 0203
0052 0164
0052 0215
0053 0130
0053 0124
0053 0106
0054 0065
0055 0186
0055 0167
0055 0116
0056 0211
0058 0216
0059 0118
0059 0267
0061 0108
0062 0078
0063 0187
0063 0298
0063 0148
0063 0156
0065 0132
0065 0279
0065 0205
0066 0255
0066 0178
0067 0253
0067 0112
0067 0237
0068 0185
0068 0260
0069 0292
0070 0096
0070 0138
0070 0293
0071 0298
0072 0085
0072 0136
0073 0264
0073 0217
0074 0109
0074 0142
0076 0176
0077 0178
0078 0293
0079 0170
0082 0159
0082 0091
0082 0176
0083 0096
0083 0253
0083 0185
0084 0098
0089 0140
0090 0223
0090 0151
0091 0136
0091 0215
0092 0207
0092 0251
0092 0243
0092 0143
0094 0229
0094 0178
0094 0254
0094 0211
0094 0258
0095 0194
0095 0227
0096 0193
0098 0180
0098 0289
0099 0236
0099 0118
0099 0292
0101 0265
0102 0278
0103 0214
0103 0113
0104 0182
0104 0282
0107 0190
0107 0130
0108 0140
0108 0211
0108 0112
0108 0237
0110 0197
0110 0216
0114 0183
0114 0226
0115 0177
0115 0166
0120 0158
0120 0186
0121 0214
0122 0294
0123 0219
0124 0188
0124 0210
0125 0295
0125 0288
0127 0256
0127 0270
0128 0134
0131 0133
0132 0293
0134 0153
0134 0277
0134 0294
0134 0249
0136 0186
0138 0197
0138 0214
0139 0226
0140 0265
0140 0225
0141 0242
0142 0249
0143 0292
0144 0254
0147 0248
0149 0208
0149 0171
0150 0167
0150 0280
0153 0276
0154 0242
0155 0202
0157 0201
0159 0288
0159 0254
0161 0242
0161 0219
0162 0285
0163 0284
0164 0227
0166 0271
0167 0208
0168 0255
0168 0300
0171 0176
0173 0265
0174 0208
0174 0285
0175 0289
0176 0189
0176 0280
0178 0262
0178 0285
0179 0252
0180 0300
0180 0273
0182 0296
0184 0189
0184 0268
0187 0227
0190 0293
0192 0227
0193 0269
0193 0251
0195 0247
0198 0209
0199 0224
0200 0262
0200 0256
0201 0273
0201 0228
0203 0284
0203 0235
0207 0288
0210 0265
0213 0295
0213 0241
0215 0229
0217 0233
0218 0284
0220 0294
0223 0227
0225 0244
0228 0298
0229 0298
0232 0240
0237 0278
0241 0248
0241 0282
0242 0270
0243 0270
0244 0274
0245 0254
0246 0256
0247 0272
0248 0295
0251 0269
0254 0264
0256 0285
0259 0296
0264 0298
0265 0274
0268 0276
0274 0278
0277 0291
0282 0283
0291 0295
0300 811
0299 986
0298 865
0297 346
0296 578
0295 764
0294 301
0293 414
0292 887
0291 541
0290 928
0289 79
0288 688
0287 216
0286 335
0285 178
0284 265
0283 485
0282 641
0281 272
0280 974
0279 792
0278 283
0277 509
0276 814
0275 27
0274 404
0273 351
0272 825
0271 189
0270 707
0269 392
0268 859
0267 715
0266 685
0265 632
0264 737
0263 950
0262 796
0261 188
0260 163
0259 421
0258 84
0257 59
0256 499
0255 996
0254 472
0253 67
0252 158
0251 877
0250 564
0249 192
0248 8
0247 630
0246 604
0245 309
0244 269
0243 228
0242 869
0241 198
0240 877
0239 31
0238 770
0237 700
0236 39
0235 453
0234 715
0233 730
0232 673
0231 139
0230 505
0229 953
0228 487
0227 809
0226 4
0225 583
0224 954
0223 422
0222 480
0221 829
0220 955
0219 444
0218 533
0217 360
0216 1
0215 180
0214 647
0213 983
0212 519
0211 101
0210 934
0209 719
0208 505
0207 738
0206 606
0205 820
0204 96
0203 626
0202 177
0201 466
0200 427
0199 868
0198 707
0197 219
0196 49
0195 553
0194 103
0193 825
0192 21
0191 780
0190 617
0189 813
0188 489
0187 416
0186 419
0185 425
0184 502
0183 442
0182 603
0181 452
0180 995
0179 151
0178 581
0177 228
0176 268
0175 446
0174 229
0173 432
0172 717
0171 201
0170 56
0169 6
0168 599
0167 136
0166 204
0165 83
0164 217
0163 814
0162 397
0161 697
0160 691
0159 824
0158 121
0157 494
0156 464
0155 500
0154 390
0153 235
0152 858
0151 574
0150 578
0149 985
0148 234
0147 425
0146 628
0145 235
0144 591
0143 988
0142 873
0141 800
0140 926
0139 458
0138 473
0137 951
0136 508
0135 335
0134 707
0133 297
0132 465
0131 759
0130 734
0129 545
0128 445
0127 697
0126 682
0125 231
0124 527
0123 13
0122 750
0121 909
0120 435
0119 970
0118 427
0117 513
0116 411
0115 747
0114 185
0113 757
0112 314
0111 123
0110 913
0109 611
0108 693
0107 222
0106 378
0105 405
0104 267
0103 17
0102 912
0101 428
0100 438
0099 637
0098 794
0097 55
0096 322
0095 8
0094 971
0093 503
0092 966
0091 821
0090 99
0089 304
0088 321
0087 413
0086 686
0085 83
0084 647
0083 790
0082 502
0081 546
0080 140
0079 771
0078 781
0077 138
0076 856
0075 628
0074 789
0073 208
0072 547
0071 735
0070 499
0069 470
0068 194
0067 543
0066 89
0065 581
0064 155
0063 292
0062 339
0061 911
0060 942
0059 331
0058 869
0057 245
0056 469
0055 384
0054 643
0053 326
0052 933
0051 769
0050 889
0049 857
0048 493
0047 548
0046 52
0045 773
0044 663
0043 124
0042 321
0041 703
0040 741
0039 896
0038 828
0037 229
0036 429
0035 45
0034 499
0033 513
0032 728
0031 477
0030 356
0029 871
0028 23
0027 31
0026 860
0025 594
0024 15
0023 289
0022 498
0021 995
0020 903
0019 676
0018 492
0017 684
0016 591
0015 999
0014 56
0013 796
0012 771
0011 471
0010 189
0009 740
0008 32
0007 373
0006 475
0005 170
0004 711
0003 327
0002 432
0001 675
400 400
0001 0093
0001 0231
0002 0395
0002 0274
0002 0046
0002 0008
0003 0216
0003 0286
0004 0298
0005 0133
0005 0124
0006 0310
0006 0347
0006 0327
0007 0051
0008 0199
0008 0183
0008 0357
0009 0157
0009 0346
0011 0020
0011 0164
0012 0232
0014 0306
0014 0304
0015 0156
0016 0282
0016 0242
0017 0130
0017 0261
0018 0290
0019 0092
0019 0317
0020 0143
0022 0350
0023 0161
0023 0087
0023 0075
0023 0118
0024 0130
0024 0104
0024 0235
0025 0208
0025 0121
0025 0198
0025 0356
0025 0338
0026 0124
0028 0307
0028 0039
0029 0237
0029 0076
0029 0202
0030 0250
0031 0355
0031 0049
0031 0242
0031 0296
0032 0133
0032 0108
0033 0360
0033 0268
0033 0051
0036 0310
0036 0146
0036 0395
0037 0111
0038 0071
0038 0340
0039 0370
0039 0221
0039 0192
0039 0344
0040 0268
0041 0124
0042 0264
0043 0275
0044 0237
0044 0070
0044 0336
0045 0355
0045 0299
0045 0263
0046 0395
0046 0344
0046 0322
0047 0290
0047 0397
0047 0169
0048 0057
0048 0283
0050 0192
0050 0361
0051 0332
0054 0070
0054 0320
0056 0368
0056 0387
0057 0227
0057 0112
0057 0219
0057 0061
0058 0138
0060 0376
0060 0061
0060 0347
0061 0249
0061 0364
0063 0198
0063 0164
0064 0104
0066 0212
0066 0327
0067 0339
0068 0261
0068 0306
0068 0152
0068 0323
0069 0088
0069 0254
0069 0096
0069 0199
0070 0114
0071 0318
0071 0345
0071 0117
0072 0313
0072 0248
0072 0318
0072 0141
0072 0200
0073 0138
0073 0245
0073 0390
0073 0179
0074 0288
0074 0355
0075 0111
0076 0146
0076 0315
0077 0163
0078 0183
0078 0084
0078 0099
0078 0294
0079 0310
0080 0374
0080 0149
0082 0312
0082 0207
0082 0153
0083 0283
0084 0121
0084 0168
0085 0093
0086 0213
0087 0396
0088 0124
0088 0239
0088 0203
0088 0355
0088 0205
0090 0177
0090 0250
0091 0112
0091 0114
0092 0368
0092 0161
0092 0114
0092 0259
0092 0179
0092 0251
0093 0253
0095 0240
0095 0336
0095 0188
0096 0275
0098 0173
0098 0297
0098 0190
0098 0206
0098 0208
0099 0213
0099 0339
0101 0363
0102 0254
0102 0211
0102 0358
0102 0304
0102 0141
0103 0200
0104 0333
0104 0329
0106 0217
0107 0391
0107 0297
0108 0343
0109 0288
0110 0319
0110 0326
0111 0290
0111 0202
0112 0181
0112 0284
0112 0238
0114 0127
0114 0123
0115 0244
0116 0219
0116 0272
0117 0181
0117 0290
0118 0398
0119 0129
0120 0224
0120 0286
0120 0344
0121 0304
0121 0178
0122 0182
0124 0176
0126 0227
0127 0357
0127 0375
0130 0392
0130 0142
0131 0253
0131 0341
0132 0206
0133 0359
0133 0270
0135 0331
0136 0251
0138 0282
0139 0378
0140 0263
0143 0277
0144 0209
0145 0383
0145 0224
0146 0381
0146 0178
0148 0234
0150 0225
0152 0154
0153 0376
0153 0211
0154 0235
0154 0265
0155 0176
0156 0353
0157 0289
0157 0336
0157 0315
0158 0262
0159 0281
0159 0217
0160 0307
0160 0210
0161 0282
0162 0241
0163 0333
0166 0184
0167 0263
0169 0299
0171 0312
0172 0342
0172 0396
0172 0219
0172 0361
0172 0371
0172 0329
0173 0196
0175 0208
0176 0201
0178 0316
0179 0307
0180 0347
0183 0396
0185 0396
0185 0387
0185 0190
0185 0399
0188 0259
0189 0392
0190 0363
0191 0381
0191 0270
0193 0294
0197 0258
0197 0371
0198 0382
0199 0233
0200 0250
0200 0294
0201 0302
0201 0229
0202 0356
0204 0252
0205 0321
0206 0288
0207 0249
0208 0370
0209 0300
0210 0312
0210 0370
0211 0382
0212 0223
0214 0220
0214 0228
0217 0277
0218 0394
0219 0265
0222 0341
0223 0368
0224 0303
0225 0235
0225 0361
0225 0295
0226 0241
0226 0269
0227 0328
0228 0323
0230 0296
0231 0341
0232 0278
0233 0395
0233 0394
0237 0389
0238 0259
0238 0341
0239 0303
0239 0362
0241 0291
0241 0303
0247 0327
0249 0334
0252 0365
0252 0275
0253 0322
0253 0338
0255 0392
0262 0374
0264 0299
0264 0380
0266 0280
0266 0386
0269 0307
0269 0284
0271 0347
0271 0313
0271 0363
0273 0313
0274 0332
0275 0303
0275 0382
0276 0308
0279 0362
0279 0340
0286 0335
0287 0297
0288 0309
0288 0292
0289 0347
0290 0388
0291 0398
0292 0379
0294 0397
0294 0351
0296 0365
0297 0369
0297 0365
0299 0304
0300 0325
0300 0338
0301 0381
0303 0378
0307 0319
0309 0346
0309 0389
0313 0371
0313 0314
0314 0395
0315 0392
0315 0367
0323 0332
0324 0379
0326 0349
0327 0329
0332 0376
0332 0353
0333 0361
0338 0379
0340 0369
0353 0376
0354 0365
0356 0379
0356 0386
0362 0368
0369 0400
0400 794
0399 975
0398 558
0397 828
0396 82
0395 274
0394 141
0393 862
0392 249
0391 271
0390 881
0389 589
0388 46
0387 482
0386 177
0385 646
0384 906
0383 386
0382 171
0381 885
0380 273
0379 74
0378 417
0377 311
0376 298
0375 555
0374 683
0373 922
0372 386
0371 869
0370 485
0369 282
0368 587
0367 925
0366 338
0365 701
0364 699
0363 249
0362 568
0361 377
0360 538
0359 530
0358 110
0357 84
0356 596
0355 481
0354 443
0353 756
0352 993
0351 45
0350 745
0349 473
0348 545
0347 148
0346 123
0345 424
0344 963
0343 40
0342 890
0341 673
0340 431
0339 892
0338 910
0337 219
0336 675
0335 839
0334 539
0333 86
0332 308
0331 576
0330 402
0329 585
0328 477
0327 891
0326 961
0325 141
0324 308
0323 450
0322 734
0321 218
0320 379
0319 752
0318 504
0317 448
0316 660
0315 42
0314 78
0313 329
0312 689
0311 791
0310 709
0309 814
0308 331
0307 905
0306 11
0305 719
0304 673
0303 524
0302 537
0301 118
0300 852
0299 7
0298 505
0297 86
0296 152
0295 209
0294 453
0293 64
0292 462
0291 974
0290 720
0289 510
0288 815
0287 674
0286 136
0285 172
0284 427
0283 829
0282 884
0281 580
0280 316
0279 175
0278 386
0277 25
0276 540
0275 198
0274 581
0273 526
0272 6
0271 509
0270 101
0269 455
0268 932
0267 239
0266 287
0265 616
0264 693
0263 901
0262 831
0261 373
0260 457
0259 45
0258 619
0257 946
0256 559
0255 772
0254 258
0253 756
0252 702
0251 292
0250 524
0249 23
0248 419
0247 121
0246 636
0245 434
0244 404
0243 232
0242 259
0241 752
0240 762
0239 418
0238 159
0237 128
0236 500
0235 840
0234 236
0233 671
0232 657
0231 639
0230 737
0229 268
0228 46
0227 62
0226 422
0225 901
0224 370
0223 261
0222 645
0221 760
0220 533
0219 552
0218 223
0217 108
0216 848
0215 44
0214 792
0213 849
0212 849
0211 810
0210 926
0209 341
0208 301
0207 58
0206 637
0205 457
0204 860
0203 785
0202 847
0201 883
0200 879
0199 886
0198 506
0197 469
0196 869
0195 65
0194 970
0193 886
0192 439
0191 614
0190 537
0189 424
0188 16
0187 905
0186 284
0185 650
0184 417
0183 921
0182 192
0181 62
0180 692
0179 978
0178 76
0177 69
0176 487
0175 565
0174 553
0173 674
0172 739
0171 691
0170 696
0169 717
0168 694
0167 363
0166 402
0165 609
0164 686
0163 736
0162 110
0161 711
0160 535
0159 94
0158 334
0157 508
0156 670
0155 54
0154 787
0153 993
0152 447
0151 752
0150 27
0149 81
0148 404
0147 816
0146 216
0145 545
0144 919
0143 100
0142 690
0141 995
0140 915
0139 813
0138 439
0137 699
0136 405
0135 813
0134 618
0133 766
0132 608
0131 160
0130 538
0129 783
0128 90
0127 990
0126 597
0125 452
0124 369
0123 111
0122 429
0121 849
0120 994
0119 792
0118 489
0117 131
0116 739
0115 653
0114 695
0113 975
0112 935
0111 79
0110 689
0109 852
0108 818
0107 352
0106 741
0105 958
0104 822
0103 5
0102 41
0101 309
0100 869
0099 68
0098 727
0097 110
0096 343
0095 845
0094 117
0093 144
0092 335
0091 526
0090 913
0089 761
0088 617
0087 553
0086 627
0085 114
0084 639
0083 385
0082 875
0081 401
0080 605
0079 941
0078 420
0077 357
0076 1
0075 844
0074 345
0073 223
0072 487
0071 498
0070 952
0069 983
0068 819
0067 362
0066 228
0065 996
0064 968
0063 532
0062 79
0061 688
0060 145
0059 456
0058 255
0057 644
0056 846
0055 108
0054 256
0053 920
0052 633
0051 387
0050 963
0049 925
0048 506
0047 151
0046 917
0045 374
0044 600
0043 1000
0042 307
0041 516
0040 448
0039 341
0038 93
0037 514
0036 163
0035 818
0034 601
0033 113
0032 675
0031 107
0030 361
0029 941
0028 566
0027 704
0026 15
0025 167
0024 479
0023 785
0022 280
0021 651
0020 137
0019 604
0018 943
0017 21
0016 717
0015 964
0014 372
0013 680
0012 406
0011 709
0010 228
0009 999
0008 723
0007 142
0006 370
0005 152
0004 261
0003 853
0002 22
0001 965
500 500
0003 0005
0003 0191
0003 0036
0004 0277
0005 0274
0005 0212
0006 0499
0006 0234
0007 0110
0009 0432
0011 0438
0011 0322
0012 0301
0012 0310
0012 0270
0013 0064
0013 0346
0014 0032
0015 0159
0016 0300
0016 0085
0017 0063
0017 0334
0017 0027
0017 0427
0018 0392
0019 0493
0019 0400
0019 0255
0020 0319
0020 0111
0020 0333
0021 0439
0022 0179
0022 0364
0023 0495
0023 0234
0024 0133
0024 0178
0025 0373
0025 0365
0025 0071
0026 0446
0026 0382
0026 0288
0027 0208
0028 0392
0028 0396
0028 0091
0029 0400
0029 0064
0030 0443
0032 0286
0032 0218
0034 0482
0035 0335
0035 0083
0036 0388
0037 0301
0037 0177
0038 0493
0038 0254
0039 0216
0039 0113
0039 0406
0040 0113
0040 0097
0040 0131
0041 0490
0041 0046
0042 0312
0042 0226
0042 0335
0043 0086
0043 0392
0046 0128
0046 0477
0049 0326
0049 0329
0050 0272
0050 0290
0051 0071
0052 0292
0052 0490
0052 0468
0053 0467
0053 0369
0054 0306
0056 0147
0056 0420
0056 0387
0056 0239
0057 0339
0058 0394
0058 0459
0059 0370
0060 0266
0060 0067
0061 0447
0061 0132
0062 0105
0062 0432
0063 0092
0063 0393
0064 0396
0067 0269
0067 0279
0068 0116
0068 0325
0069 0454
0069 0194
0070 0178
0071 0117
0071 0295
0071 0333
0071 0431
0071 0318
0072 0391
0073 0252
0073 0104
0074 0146
0074 0500
0076 0149
0077 0421
0077 0312
0081 0336
0081 0407
0081 0332
0082 0278
0082 0121
0083 0114
0083 0345
0085 0274
0085 0168
0086 0097
0086 0173
0086 0477
0087 0470
0087 0319
0087 0345
0087 0128
0089 0209
0089 0381
0090 0318
0091 0119
0091 0226
0091 0222
0091 0498
0092 0162
0092 0483
0093 0342
0093 0442
0093 0493
0095 0172
0095 0274
0095 0476
0095 0371
0096 0218
0096 0278
0097 0332
0097 0209
0098 0369
0098 0103
0099 0441
0099 0187
0100 0219
0100 0310
0102 0172
0102 0191
0102 0343
0102 0211
0103 0450
0105 0423
0106 0242
0106 0405
0107 0157
0108 0250
0108 0472
0109 0463
0110 0304
0110 0190
0111 0248
0111 0319
0113 0160
0113 0225
0113 0213
0113 0303
0113 0450
0114 0487
0115 0446
0115 0240
0115 0239
0116 0157
0116 0131
0119 0404
0119 0309
0120 0215
0121 0374
0123 0477
0123 0178
0125 0135
0126 0493
0127 0436
0127 0268
0128 0436
0129 0428
0129 0218
0129 0422
0130 0413
0131 0344
0132 0247
0133 0212
0135 0201
0136 0167
0136 0236
0136 0272
0137 0309
0137 0154
0139 0154
0139 0332
0139 0169
0140 0480
0140 0469
0140 0487
0140 0390
0140 0334
0141 0377
0142 0154
0142 0230
0143 0418
0143 0424
0143 0435
0144 0437
0144 0290
0144 0457
0145 0389
0145 0199
0145 0479
0146 0397
0146 0395
0146 0444
0147 0356
0147 0251
0147 0162
0148 0458
0148 0440
0148 0449
0148 0366
0152 0188
0152 0459
0153 0230
0154 0440
0155 0482
0156 0268
0156 0310
0156 0212
0156 0447
0157 0336
0158 0202
0158 0301
0160 0259
0160 0457
0161 0306
0161 0474
0163 0215
0163 0353
0165 0499
0165 0238
0166 0265
0166 0391
0166 0214
0167 0378
0168 0317
0168 0327
0168 0414
0168 0377
0169 0287
0169 0376
0170 0254
0171 0260
0171 0318
0171 0354
0171 0216
0172 0224
0174 0197
0174 0270
0177 0489
0178 0326
0179 0295
0181 0412
0181 0345
0182 0365
0184 0186
0185 0186
0185 0221
0186 0347
0188 0441
0188 0260
0189 0322
0189 0285
0189 0218
0190 0267
0190 0303
0191 0237
0191 0314
0193 0408
0193 0449
0194 0365
0195 0211
0198 0423
0199 0415
0200 0339
0201 0293
0202 0408
0204 0358
0205 0310
0205 0237
0206 0431
0206 0492
0206 0324
0207 0375
0208 0465
0209 0421
0209 0303
0209 0478
0211 0298
0213 0451
0213 0285
0214 0346
0214 0445
0215 0351
0216 0248
0216 0324
0217 0252
0217 0435
0218 0429
0219 0276
0219 0273
0220 0297
0221 0406
0221 0287
0222 0322
0223 0310
0224 0349
0225 0433
0226 0421
0227 0433
0228 0255
0229 0396
0231 0249
0231 0472
0232 0356
0233 0486
0233 0492
0235 0393
0235 0395
0236 0265
0236 0484
0237 0442
0240 0406
0240 0290
0241 0251
0241 0268
0241 0270
0244 0445
0244 0386
0246 0375
0247 0340
0248 0400
0248 0334
0252 0296
0254 0415
0255 0260
0256 0470
0257 0368
0259 0279
0260 0278
0261 0478
0262 0331
0263 0278
0263 0286
0263 0456
0263 0432
0265 0415
0265 0267
0267 0364
0267 0328
0267 0322
0267 0372
0268 0381
0271 0485
0271 0418
0272 0323
0273 0316
0273 0423
0273 0377
0273 0327
0274 0437
0275 0380
0276 0384
0276 0279
0278 0453
0278 0300
0278 0469
0279 0404
0279 0400
0279 0369
0279 0350
0280 0333
0281 0457
0283 0481
0285 0417
0286 0323
0287 0360
0291 0322
0292 0493
0293 0360
0294 0492
0294 0479
0295 0381
0296 0451
0297 0454
0298 0473
0300 0492
0301 0380
0302 0435
0303 0361
0303 0477
0303 0322
0303 0448
0305 0479
0305 0489
0307 0329
0307 0413
0307 0400
0308 0479
0309 0470
0310 0413
0311 0386
0311 0378
0312 0452
0313 0340
0314 0416
0314 0482
0314 0450
0315 0437
0317 0446
0317 0477
0318 0454
0320 0450
0323 0485
0325 0404
0326 0405
0326 0480
0326 0392
0329 0440
0329 0499
0331 0356
0333 0491
0334 0478
0334 0360
0341 0470
0345 0374
0347 0473
0352 0374
0354 0426
0355 0499
0356 0453
0360 0375
0361 0393
0363 0365
0364 0398
0366 0431
0369 0374
0369 0487
0376 0382
0383 0453
0384 0441
0391 0464
0401 0487
0404 0488
0405 0461
0405 0468
0408 0449
0413 0458
0413 0420
0418 0428
0420 0434
0423 0480
0427 0449
0428 0443
0439 0449
0439 0467
0439 0459
0444 0486
0445 0448
0462 0477
0467 0495
0472 0481
0479 0494
0500 610
0499 189
0498 976
0497 565
0496 826
0495 96
0494 564
0493 676
0492 674
0491 817
0490 418
0489 211
0488 363
0487 273
0486 3
0485 446
0484 576
0483 125
0482 16
0481 808
0480 644
0479 920
0478 643
0477 497
0476 931
0475 671
0474 450
0473 438
0472 308
0471 757
0470 869
0469 23
0468 557
0467 415
0466 427
0465 957
0464 776
0463 715
0462 384
0461 987
0460 829
0459 437
0458 25
0457 510
0456 615
0455 226
0454 859
0453 536
0452 131
0451 113
0450 592
0449 457
0448 694
0447 926
0446 611
0445 583
0444 943
0443 328
0442 583
0441 472
0440 349
0439 134
0438 611
0437 117
0436 554
0435 478
0434 649
0433 498
0432 728
0431 982
0430 272
0429 739
0428 35
0427 935
0426 598
0425 505
0424 7
0423 854
0422 329
0421 468
0420 307
0419 84
0418 280
0417 563
0416 535
0415 241
0414 453
0413 635
0412 146
0411 772
0410 670
0409 637
0408 471
0407 230
0406 12
0405 947
0404 744
0403 673
0402 644
0401 539
0400 355
0399 467
0398 485
0397 196
0396 228
0395 159
0394 856
0393 457
0392 172
0391 221
0390 647
0389 901
0388 561
0387 792
0386 407
0385 30
0384 646
0383 81
0382 103
0381 196
0380 708
0379 458
0378 838
0377 131
0376 192
0375 678
0374 440
0373 528
0372 895
0371 279
0370 834
0369 305
0368 176
0367 568
0366 478
0365 112
0364 577
0363 869
0362 409
0361 40
0360 53
0359 223
0358 83
0357 744
0356 580
0355 740
0354 190
0353 937
0352 819
0351 262
0350 75
0349 995
0348 493
0347 522
0346 641
0345 565
0344 114
0343 869
0342 303
0341 204
0340 544
0339 258
0338 996
0337 891
0336 255
0335 519
0334 981
0333 28
0332 873
0331 809
0330 447
0329 798
0328 138
0327 588
0326 110
0325 472
0324 908
0323 112
0322 965
0321 701
0320 158
0319 968
0318 311
0317 624
0316 758
0315 549
0314 445
0313 489
0312 613
0311 866
0310 208
0309 808
0308 82
0307 785
0306 26
0305 106
0304 969
0303 919
0302 456
0301 515
0300 373
0299 707
0298 51
0297 987
0296 691
0295 644
0294 472
0293 811
0292 322
0291 612
0290 420
0289 913
0288 312
0287 679
0286 259
0285 394
0284 990
0283 105
0282 275
0281 24
0280 143
0279 263
0278 501
0277 196
0276 597
0275 20
0274 636
0273 862
0272 469
0271 663
0270 568
0269 163
0268 260
0267 435
0266 653
0265 429
0264 57
0263 16
0262 416
0261 745
0260 988
0259 320
0258 130
0257 110
0256 704
0255 708
0254 105
0253 642
0252 302
0251 207
0250 739
0249 537
0248 170
0247 19
0246 28
0245 16
0244 409
0243 571
0242 497
0241 710
0240 523
0239 249
0238 789
0237 820
0236 110
0235 921
0234 573
0233 663
0232 659
0231 462
0230 392
0229 52
0228 541
0227 604
0226 25
0225 395
0224 374
0223 269
0222 71
0221 263
0220 36
0219 87
0218 100
0217 429
0216 541
0215 390
0214 141
0213 402
0212 927
0211 726
0210 330
0209 146
0208 908
0207 772
0206 559
0205 127
0204 963
0203 470
0202 714
0201 863
0200 697
0199 807
0198 118
0197 297
0196 770
0195 976
0194 151
0193 817
0192 371
0191 571
0190 815
0189 642
0188 162
0187 194
0186 208
0185 115
0184 577
0183 1000
0182 930
0181 821
0180 326
0179 293
0178 743
0177 4
0176 174
0175 392
0174 518
0173 748
0172 556
0171 368
0170 405
0169 542
0168 684
0167 708
0166 51
0165 770
0164 165
0163 236
0162 909
0161 831
0160 54
0159 959
0158 263
0157 186
0156 880
0155 190
0154 29
0153 580
0152 213
0151 73
0150 450
0149 223
0148 639
0147 992
0146 696
0145 825
0144 260
0143 869
0142 881
0141 370
0140 248
0139 657
0138 23
0137 691
0136 907
0135 651
0134 151
0133 87
0132 373
0131 328
0130 355
0129 999
0128 95
0127 375
0126 79
0125 864
0124 780
0123 653
0122 652
0121 215
0120 393
0119 129
0118 796
0117 817
0116 128
0115 528
0114 805
0113 260
0112 339
0111 563
0110 530
0109 938
0108 399
0107 55
0106 366
0105 175
0104 502
0103 494
0102 346
0101 352
0100 970
0099 412
0098 128
0097 590
0096 479
0095 829
0094 665
0093 132
0092 920
0091 213
0090 821
0089 357
0088 909
0087 288
0086 265
0085 370
0084 988
0083 51
0082 502
0081 363
0080 437
0079 362
0078 615
0077 419
0076 226
0075 964
0074 818
0073 729
0072 150
0071 620
0070 299
0069 228
0068 997
0067 169
0066 990
0065 982
0064 733
0063 392
0062 692
0061 237
0060 748
0059 112
0058 327
0057 678
0056 562
0055 38
0054 425
0053 906
0052 800
0051 698
0050 642
0049 366
0048 585
0047 58
0046 793
0045 574
0044 176
0043 302
0042 885
0041 498
0040 74
0039 316
0038 484
0037 99
0036 117
0035 421
0034 587
0033 959
0032 697
0031 503
0030 31
0029 915
0028 174
0027 108
0026 388
0025 561
0024 767
0023 163
0022 812
0021 243
0020 846
0019 286
0018 666
0017 374
0016 663
0015 508
0014 455
0013 186
0012 857
0011 903
0010 957
0009 569
0008 42
0007 168
0006 35
0005 910
0004 226
0003 746
0002 920
0001 176
1000 1000
0002 0078
0002 0916
0002 0930
0004 0625
0004 0529
0005 0149
0006 0889
0007 0657
0007 0209
0008 0241
0008 0248
0008 0741
0010 0056
0010 0798
0010 0899
0010 0230
0010 0562
0011 0225
0012 0155
0012 0142
0012 0706
0012 0402
0013 0252
0013 0994
0013 0239
0013 0409
0014 0226
0014 0971
0015 0610
0015 0299
0015 0074
0017 0156
0018 0488
0018 0630
0018 0420
0019 0165
0020 0751
0020 0909
0021 0483
0021 0139
0022 0961
0024 0131
0024 0399
0024 0729
0024 0387
0025 0326
0025 0147
0025 0743
0026 0888
0026 0134
0027 0357
0028 0452
0028 0608
0028 0807
0029 0859
0029 0986
0029 0848
0029 0573
0030 0247
0030 0707
0030 0397
0030 0530
0031 0715
0031 0105
0031 0069
0031 0304
0031 0183
0031 0522
0032 0961
0032 0850
0032 0497
0032 0506
0032 0541
0033 0410
0033 0049
0033 0239
0033 0614
0034 0675
0034 0960
0034 0727
0034 0948
0035 0155
0036 0812
0037 0514
0037 0649
0037 0608
0038 0408
0039 0956
0040 0234
0040 0801
0040 0138
0040 0376
0041 0215
0041 0295
0042 0370
0042 0903
0043 0825
0044 0115
0044 0577
0045 0763
0045 0676
0046 0169
0046 0272
0046 0175
0048 0761
0048 0114
0048 0790
0049 0827
0049 0872
0049 0684
0049 0719
0049 0266
0050 0100
0050 0331
0050 0444
0051 0984
0052 0096
0052 0720
0053 0055
0054 0714
0054 0879
0054 0405
0054 0564
0055 0537
0055 0811
0056 0891
0057 0696
0057 0409
0058 0348
0058 0653
0059 0542
0061 0453
0062 0638
0062 0587
0064 0082
0064 0768
0064 0618
0064 0135
0065 0462
0066 0873
0067 0582
0067 0679
0067 0475
0068 0244
0068 0461
0068 0945
0069 0248
0070 0963
0070 0971
0071 0426
0072 0542
0072 0101
0072 0499
0072 0534
0073 0139
0073 0732
0073 0683
0074 0136
0075 0236
0075 0338
0075 0894
0075 0989
0077 0652
0077 0189
0078 0285
0078 0343
0079 0612
0079 0354
0080 0772
0080 0279
0080 0679
0080 0691
0081 0468
0081 0638
0081 0274
0081 0576
0081 0999
0082 0594
0083 0518
0084 0608
0084 0755
0085 0819
0085 0902
0086 0204
0086 0580
0086 0107
0088 0363
0088 0387
0088 0703
0089 0178
0090 0103
0090 0832
0091 0360
0091 0667
0092 0947
0093 0712
0096 0528
0096 0512
0097 0868
0098 0531
0098 0486
0098 0413
0098 0690
0099 0464
0101 0197
0101 0125
0103 0119
0103 0424
0103 0174
0104 0974
0106 0882
0107 0994
0107 0180
0109 0362
0109 0735
0109 0282
0110 0664
0112 0830
0112 0816
0112 0236
0113 0973
0113 0703
0114 0423
0115 0941
0115 0475
0115 0194
0116 0522
0117 0199
0118 0410
0118 0993
0119 0507
0119 0313
0119 0710
0119 0191
0121 0227
0122 0715
0122 0428
0123 0580
0123 0818
0123 0808
0124 0549
0125 0836
0125 0870
0125 0638
0126 0768
0126 0811
0127 0902
0128 0612
0128 0953
0128 0299
0128 0918
0129 0499
0131 0434
0131 0767
0131 0220
0134 0684
0135 0206
0136 0689
0136 0390
0137 0611
0137 0272
0137 0561
0137 0735
0138 0375
0138 0413
0139 0155
0140 0995
0141 0834
0142 0363
0142 0865
0142 0952
0143 0565
0144 0362
0144 0412
0144 0626
0145 0227
0145 0790
0146 0946
0146 0928
0146 0642
0148 0807
0149 0585
0151 0989
0152 0772
0153 0902
0153 0305
0154 0417
0154 0894
0154 0291
0154 0577
0155 0386
0155 0609
0155 0552
0155 0628
0156 0488
0156 0552
0156 0814
0157 0846
0157 0388
0158 0721
0158 0685
0160 0204
0160 0907
0160 0414
0161 0250
0162 0178
0162 0433
0163 0673
0164 0524
0164 0731
0164 0451
0165 0998
0165 0295
0166 0639
0168 0755
0169 0747
0169 0584
0169 0431
0170 0802
0170 0544
0170 0867
0170 0958
0171 0380
0172 0362
0172 0593
0172 0833
0172 0281
0173 0985
0173 0243
0174 0448
0175 0255
0175 0746
0175 0193
0176 0684
0176 0856
0176 0548
0177 0584
0177 0945
0178 0593
0178 0652
0179 0272
0179 0491
0179 0310
0179 0972
0181 0290
0181 0279
0182 0461
0183 0322
0183 0411
0183 0652
0185 0724
0185 0529
0186 0504
0187 0430
0187 0324
0187 0269
0188 0315
0188 0595
0188 0537
0189 0632
0189 0601
0190 0604
0190 0673
0191 0396
0191 0509
0192 0594
0194 0256
0195 0429
0195 0223
0195 0736
0195 0655
0196 0712
0197 0689
0197 0634
0197 0985
0198 0577
0199 0306
0200 0380
0200 0618
0201 0645
0203 0629
0204 0986
0204 0679
0205 0265
0205 0288
0206 0449
0206 0817
0207 0766
0207 0996
0208 0419
0208 0282
0209 0826
0210 0942
0211 0321
0211 0991
0212 0583
0212 0810
0215 0351
0216 0412
0216 0443
0216 0777
0216 0629
0217 0697
0217 0542
0217 0355
0217 0833
0218 0619
0218 0302
0219 0764
0220 0354
0220 0958
0220 0350
0221 0922
0222 0284
0222 0429
0222 0899
0222 0479
0222 0331
0223 0305
0223 0400
0224 0895
0225 0271
0226 0327
0226 0478
0226 0390
0227 0672
0227 0536
0227 0241
0228 0727
0228 0522
0228 0603
0228 0798
0228 0344
0229 0666
0229 0627
0230 0566
0230 0721
0232 0729
0232 0898
0232 0636
0233 0349
0233 0467
0234 0388
0234 0628
0234 0486
0234 0807
0234 0966
0235 0252
0236 0952
0237 0415
0238 0603
0239 0535
0239 0629
0240 0797
0240 0699
0240 0976
0241 0658
0241 0290
0241 0906
0242 0313
0243 0519
0244 0723
0245 0466
0245 0251
0245 0665
0246 0287
0247 0790
0247 0593
0247 0624
0247 0743
0248 0283
0248 0781
0248 0416
0249 0797
0251 0928
0251 0925
0251 0289
0252 0744
0253 0517
0254 0413
0254 0949
0255 0576
0257 0608
0258 0943
0258 0303
0259 0297
0259 0641
0259 0300
0259 0721
0259 0518
0260 0881
0260 0487
0261 0283
0262 0308
0262 0364
0263 0552
0263 0851
0263 0692
0263 0977
0264 0714
0264 0933
0265 0956
0265 0683
0269 0602
0270 0488
0271 0620
0273 0487
0273 0538
0274 0409
0276 0581
0276 0947
0276 0669
0277 0437
0278 0519
0279 0900
0279 0906
0279 0549
0280 0522
0283 0697
0284 0673
0285 0485
0285 0410
0286 0747
0287 0691
0287 0984
0288 0993
0288 0659
0289 0643
0289 0530
0290 0291
0291 0508
0292 0419
0292 0935
0293 0587
0294 0929
0294 0483
0295 0552
0295 0431
0295 0426
0296 0834
0296 0449
0298 0392
0299 0560
0299 0736
0300 0577
0300 0948
0303 0742
0303 0564
0304 0455
0305 0947
0305 0976
0305 0610
0306 0344
0307 0510
0307 0788
0307 0430
0308 0940
0309 0987
0310 0743
0310 0873
0311 0328
0311 0816
0313 0893
0314 0892
0316 0579
0316 0898
0316 0895
0316 0707
0318 0747
0318 0743
0319 0897
0320 0496
0321 0958
0323 0425
0323 0655
0324 0721
0324 0612
0325 0730
0327 0406
0327 0905
0328 0513
0329 0646
0329 0467
0330 0780
0330 0788
0333 0746
0333 0355
0337 0714
0338 0519
0338 0952
0339 0525
0339 0423
0344 0476
0344 0953
0345 0629
0347 0717
0347 0375
0349 0387
0350 0861
0351 0564
0351 0728
0353 0587
0353 0690
0356 0715
0358 0459
0359 0687
0364 0822
0369 0801
0369 0599
0369 0576
0371 0705
0372 0945
0372 0748
0372 0511
0372 0535
0372 0881
0373 0553
0373 0691
0373 0397
0377 0832
0377 0756
0377 0566
0378 0982
0379 0527
0382 0633
0384 0877
0386 0622
0389 0515
0389 0400
0390 0857
0390 0797
0391 0446
0391 0452
0391 0417
0391 0564
0392 0632
0393 0634
0393 0531
0393 0430
0394 0701
0394 0711
0394 0679
0397 0913
0399 0885
0399 0613
0400 0943
0400 0796
0401 0586
0401 0665
0403 0964
0403 0960
0403 0469
0404 0466
0404 0760
0404 0877
0406 0670
0407 0522
0407 0570
0408 0977
0409 0580
0409 0674
0409 0417
0411 0981
0412 0874
0412 0515
0414 0433
0414 0685
0414 0822
0415 0706
0415 0961
0416 0764
0416 0586
0417 0915
0419 0581
0420 0858
0421 0934
0421 0603
0422 0831
0424 0779
0427 0816
0427 0517
0427 0937
0429 0491
0429 0924
0430 0516
0430 0633
0431 0616
0432 0435
0432 0994
0432 1000
0433 0496
0435 0766
0435 0651
0436 0789
0436 0525
0437 0457
0437 0711
0437 0809
0437 0817
0438 0744
0439 0959
0440 0492
0443 0964
0443 0688
0443 0654
0443 0844
0443 0509
0445 0725
0445 0627
0447 0577
0447 0649
0447 0667
0450 0824
0450 0651
0451 0670
0452 0560
0454 0673
0454 0871
0454 0679
0454 0593
0456 0579
0456 0673
0456 0743
0456 0654
0458 0964
0458 0597
0458 0594
0459 0686
0460 0508
0461 0867
0464 0690
0466 0761
0468 0742
0469 0671
0470 0983
0470 0543
0470 0608
0470 0977
0471 0649
0471 0804
0474 0902
0476 0486
0477 0512
0477 0698
0478 0683
0479 0847
0480 0930
0480 0777
0481 0489
0482 0794
0482 0533
0486 0581
0486 0584
0486 0491
0486 0580
0487 0501
0487 0916
0487 0586
0489 0882
0489 0880
0490 0952
0490 0609
0490 0879
0491 0666
0491 0787
0492 0515
0493 0541
0495 0748
0497 0665
0498 0627
0498 0568
0501 0781
0502 0984
0502 0993
0503 0842
0503 0607
0505 0715
0506 0598
0506 0953
0507 0703
0508 0523
0509 0962
0510 0993
0511 0690
0512 0709
0512 0909
0513 0859
0513 0875
0513 0686
0515 0577
0515 0612
0516 0804
0516 0711
0517 0626
0519 0619
0521 0889
0521 0582
0521 0669
0522 0723
0523 0749
0524 0865
0528 0807
0531 0816
0531 0670
0532 0538
0532 0974
0532 0806
0535 0903
0536 0914
0536 0624
0536 0872
0537 0984
0537 0709
0538 0587
0538 0802
0539 0631
0539 0815
0540 0796
0541 0559
0543 0701
0543 0969
0545 0858
0545 0824
0546 0914
0548 0732
0548 0806
0548 0923
0550 0657
0551 0687
0552 0624
0553 0763
0556 0731
0556 0561
0557 0855
0559 0962
0562 0874
0562 0742
0563 0821
0563 0666
0566 0849
0569 0760
0570 0802
0570 0659
0571 0686
0573 0656
0573 0795
0573 0708
0576 0777
0577 0821
0580 0733
0582 0674
0585 0940
0587 0965
0591 0778
0592 0792
0597 0630
0599 0609
0599 0976
0601 0665
0601 0688
0604 0935
0608 0674
0608 0659
0610 0975
0611 0888
0614 0918
0615 0968
0617 0796
0618 0905
0618 0847
0619 0718
0622 0844
0627 0748
0628 0705
0632 0736
0634 0819
0636 0993
0636 0878
0637 0848
0639 0719
0639 0648
0639 0712
0644 0651
0645 0821
0645 0717
0646 0696
0646 0818
0647 0750
0648 0886
0648 0748
0651 0964
0651 0750
0653 0698
0657 0879
0657 0999
0659 0871
0662 0980
0664 0954
0665 0895
0665 0774
0666 0695
0667 0819
0668 0694
0668 0805
0671 0768
0671 0719
0672 0736
0676 0829
0676 0946
0679 0977
0680 0745
0680 0700
0681 0747
0681 0826
0683 0797
0684 0893
0689 0766
0692 0760
0693 0711
0696 0736
0696 0800
0697 0883
0702 0726
0706 0730
0707 0798
0709 0967
0710 0925
0714 0768
0718 0973
0718 0742
0718 0879
0718 0737
0718 0926
0720 0843
0721 0792
0723 0839
0729 0998
0730 0898
0732 0961
0733 0755
0735 0839
0736 0870
0737 0902
0738 0973
0739 0953
0742 0908
0745 0876
0747 0930
0747 0939
0750 0921
0761 0966
0762 0774
0765 0910
0765 0946
0766 0990
0767 0813
0770 0919
0771 0851
0773 0908
0781 0920
0782 0939
0783 0815
0788 0789
0790 0946
0791 0993
0793 0861
0795 0870
0806 0990
0808 0874
0811 0844
0811 0964
0812 0944
0816 0907
0819 0918
0825 0876
0827 0989
0834 0969
0835 0910
0836 1000
0837 0878
0839 0915
0844 0941
0844 1000
0855 0953
0855 0945
0857 0986
0858 0892
0861 0891
0867 0902
0872 0910
0883 0980
0885 0928
0896 0905
0905 0918
0906 0966
0909 0944
0913 0981
0924 0962
0930 0968
0931 0976
1000 717
0999 624
0998 706
0997 975
0996 978
0995 10
0994 702
0993 218
0992 797
0991 659
0990 573
0989 449
0988 396
0987 224
0986 150
0985 239
0984 167
0983 985
0982 103
0981 785
0980 829
0979 607
0978 490
0977 581
0976 66
0975 29
0974 599
0973 831
0972 123
0971 840
0970 57
0969 140
0968 933
0967 474
0966 749
0965 963
0964 858
0963 747
0962 720
0961 552
0960 781
0959 929
0958 33
0957 530
0956 25
0955 538
0954 351
0953 136
0952 117
0951 455
0950 972
0949 464
0948 971
0947 620
0946 26
0945 560
0944 354
0943 349
0942 869
0941 137
0940 808
0939 731
0938 993
0937 904
0936 227
0935 398
0934 181
0933 398
0932 850
0931 941
0930 297
0929 195
0928 639
0927 933
0926 684
0925 398
0924 840
0923 215
0922 633
0921 520
0920 726
0919 893
0918 34
0917 275
0916 654
0915 133
0914 5
0913 989
0912 967
0911 606
0910 894
0909 401
0908 946
0907 347
0906 702
0905 175
0904 137
0903 823
0902 459
0901 338
0900 281
0899 264
0898 376
0897 595
0896 73
0895 678
0894 694
0893 508
0892 504
0891 989
0890 514
0889 720
0888 130
0887 618
0886 825
0885 729
0884 532
0883 603
0882 178
0881 34
0880 360
0879 90
0878 307
0877 151
0876 611
0875 826
0874 359
0873 313
0872 397
0871 426
0870 734
0869 518
0868 368
0867 259
0866 285
0865 872
0864 61
0863 661
0862 159
0861 996
0860 803
0859 471
0858 596
0857 431
0856 201
0855 670
0854 346
0853 556
0852 614
0851 429
0850 609
0849 697
0848 263
0847 806
0846 435
0845 899
0844 761
0843 248
0842 220
0841 814
0840 248
0839 146
0838 318
0837 890
0836 447
0835 111
0834 592
0833 138
0832 313
0831 474
0830 640
0829 679
0828 335
0827 907
0826 255
0825 948
0824 546
0823 882
0822 756
0821 699
0820 564
0819 348
0818 907
0817 41
0816 370
0815 861
0814 999
0813 69
0812 709
0811 333
0810 317
0809 238
0808 202
0807 477
0806 220
0805 854
0804 206
0803 179
0802 714
0801 177
0800 277
0799 428
0798 552
0797 659
0796 661
0795 490
0794 945
0793 97
0792 47
0791 646
0790 679
0789 550
0788 862
0787 576
0786 527
0785 497
0784 882
0783 309
0782 950
0781 605
0780 191
0779 439
0778 227
0777 514
0776 970
0775 403
0774 910
0773 562
0772 220
0771 696
0770 842
0769 302
0768 907
0767 860
0766 312
0765 185
0764 621
0763 515
0762 132
0761 605
0760 782
0759 842
0758 595
0757 949
0756 643
0755 896
0754 933
0753 27
0752 503
0751 534
0750 864
0749 131
0748 223
0747 569
0746 373
0745 96
0744 538
0743 470
0742 719
0741 310
0740 419
0739 69
0738 480
0737 423
0736 889
0735 665
0734 726
0733 489
0732 710
0731 455
0730 663
0729 496
0728 103
0727 604
0726 753
0725 720
0724 396
0723 36
0722 902
0721 262
0720 905
0719 409
0718 549
0717 720
0716 476
0715 665
0714 187
0713 577
0712 88
0711 707
0710 204
0709 682
0708 849
0707 347
0706 445
0705 53
0704 649
0703 228
0702 300
0701 20
0700 314
0699 653
0698 859
0697 626
0696 100
0695 399
0694 24
0693 135
0692 729
0691 366
0690 288
0689 826
0688 32
0687 598
0686 438
0685 426
0684 279
0683 8
0682 950
0681 614
0680 613
0679 172
0678 855
0677 174
0676 911
0675 449
0674 96
0673 769
0672 881
0671 724
0670 466
0669 672
0668 863
0667 398
0666 655
0665 451
0664 596
0663 409
0662 977
0661 450
0660 370
0659 891
0658 958
0657 15
0656 27
0655 20
0654 962
0653 755
0652 777
0651 821
0650 717
0649 461
0648 537
0647 249
0646 551
0645 730
0644 661
0643 473
0642 873
0641 513
0640 713
0639 586
0638 814
0637 559
0636 750
0635 313
0634 763
0633 27
0632 150
0631 379
0630 106
0629 834
0628 399
0627 798
0626 157
0625 885
0624 76
0623 388
0622 177
0621 193
0620 232
0619 201
0618 856
0617 672
0616 324
0615 506
0614 172
0613 814
0612 738
0611 152
0610 993
0609 527
0608 83
0607 38
0606 634
0605 775
0604 647
0603 735
0602 439
0601 706
0600 827
0599 308
0598 838
0597 973
0596 552
0595 373
0594 839
0593 396
0592 561
0591 437
0590 68
0589 910
0588 796
0587 651
0586 48
0585 702
0584 869
0583 374
0582 687
0581 803
0580 904
0579 632
0578 215
0577 186
0576 358
0575 327
0574 910
0573 98
0572 649
0571 104
0570 252
0569 976
0568 195
0567 220
0566 290
0565 468
0564 612
0563 848
0562 339
0561 804
0560 139
0559 160
0558 850
0557 288
0556 975
0555 84
0554 748
0553 534
0552 878
0551 5
0550 831
0549 287
0548 805
0547 697
0546 147
0545 625
0544 713
0543 189
0542 784
0541 518
0540 438
0539 499
0538 617
0537 853
0536 22
0535 933
0534 976
0533 672
0532 556
0531 560
0530 1
0529 198
0528 201
0527 340
0526 595
0525 697
0524 927
0523 51
0522 260
0521 522
0520 21
0519 576
0518 196
0517 844
0516 442
0515 2
0514 942
0513 654
0512 525
0511 457
0510 330
0509 245
0508 348
0507 713
0506 190
0505 490
0504 883
0503 749
0502 871
0501 615
0500 176
0499 21
0498 18
0497 264
0496 109
0495 18
0494 375
0493 184
0492 861
0491 745
0490 897
0489 81
0488 171
0487 55
0486 607
0485 496
0484 167
0483 916
0482 759
0481 608
0480 906
0479 147
0478 547
0477 702
0476 300
0475 873
0474 708
0473 869
0472 20
0471 532
0470 111
0469 547
0468 152
0467 150
0466 357
0465 291
0464 261
0463 26
0462 655
0461 781
0460 409
0459 766
0458 586
0457 227
0456 7
0455 665
0454 279
0453 717
0452 988
0451 911
0450 606
0449 423
0448 240
0447 370
0446 132
0445 529
0444 334
0443 284
0442 754
0441 503
0440 479
0439 635
0438 297
0437 931
0436 283
0435 972
0434 762
0433 864
0432 490
0431 683
0430 827
0429 736
0428 787
0427 121
0426 263
0425 40
0424 179
0423 191
0422 660
0421 961
0420 496
0419 98
0418 571
0417 635
0416 110
0415 727
0414 940
0413 46
0412 378
0411 121
0410 617
0409 577
0408 277
0407 969
0406 651
0405 446
0404 491
0403 222
0402 362
0401 701
0400 668
0399 405
0398 977
0397 977
0396 867
0395 690
0394 408
0393 736
0392 533
0391 136
0390 823
0389 366
0388 404
0387 997
0386 215
0385 612
0384 141
0383 842
0382 755
0381 325
0380 175
0379 505
0378 503
0377 802
0376 398
0375 935
0374 632
0373 222
0372 278
0371 741
0370 756
0369 820
0368 403
0367 794
0366 123
0365 184
0364 104
0363 531
0362 582
0361 827
0360 495
0359 565
0358 535
0357 819
0356 81
0355 73
0354 481
0353 786
0352 926
0351 362
0350 594
0349 118
0348 431
0347 428
0346 94
0345 721
0344 865
0343 493
0342 85
0341 138
0340 573
0339 8
0338 392
0337 68
0336 39
0335 775
0334 440
0333 949
0332 307
0331 569
0330 656
0329 657
0328 919
0327 565
0326 260
0325 888
0324 941
0323 358
0322 90
0321 957
0320 791
0319 495
0318 559
0317 161
0316 360
0315 521
0314 917
0313 16
0312 136
0311 858
0310 556
0309 450
0308 120
0307 448
0306 31
0305 428
0304 119
0303 535
0302 800
0301 616
0300 708
0299 911
0298 815
0297 170
0296 397
0295 481
0294 623
0293 357
0292 592
0291 595
0290 537
0289 222
0288 336
0287 171
0286 524
0285 870
0284 371
0283 56
0282 509
0281 894
0280 241
0279 735
0278 284
0277 470
0276 551
0275 589
0274 976
0273 182
0272 764
0271 816
0270 4
0269 977
0268 355
0267 299
0266 481
0265 143
0264 795
0263 449
0262 942
0261 994
0260 692
0259 633
0258 166
0257 43
0256 363
0255 107
0254 985
0253 645
0252 455
0251 19
0250 789
0249 698
0248 877
0247 691
0246 902
0245 654
0244 849
0243 366
0242 539
0241 673
0240 758
0239 314
0238 779
0237 40
0236 184
0235 349
0234 464
0233 950
0232 480
0231 92
0230 468
0229 247
0228 319
0227 264
0226 865
0225 485
0224 174
0223 817
0222 133
0221 103
0220 494
0219 191
0218 149
0217 70
0216 244
0215 711
0214 505
0213 210
0212 423
0211 659
0210 185
0209 149
0208 693
0207 822
0206 550
0205 494
0204 482
0203 622
0202 580
0201 32
0200 19
0199 595
0198 606
0197 780
0196 138
0195 150
0194 67
0193 141
0192 115
0191 69
0190 856
0189 306
0188 950
0187 607
0186 830
0185 17
0184 350
0183 875
0182 349
0181 26
0180 961
0179 918
0178 80
0177 386
0176 593
0175 852
0174 131
0173 777
0172 195
0171 782
0170 723
0169 430
0168 485
0167 397
0166 462
0165 473
0164 701
0163 366
0162 515
0161 505
0160 192
0159 655
0158 202
0157 535
0156 945
0155 633
0154 614
0153 843
0152 98
0151 518
0150 618
0149 974
0148 575
0147 68
0146 779
0145 528
0144 753
0143 707
0142 804
0141 778
0140 849
0139 436
0138 335
0137 246
0136 222
0135 731
0134 835
0133 958
0132 144
0131 86
0130 497
0129 371
0128 222
0127 390
0126 148
0125 519
0124 413
0123 277
0122 600
0121 988
0120 969
0119 1000
0118 961
0117 374
0116 497
0115 376
0114 839
0113 783
0112 974
0111 484
0110 9
0109 834
0108 325
0107 529
0106 632
0105 722
0104 774
0103 84
0102 149
0101 243
0100 259
0099 967
0098 614
0097 593
0096 220
0095 114
0094 597
0093 737
0092 482
0091 260
0090 425
0089 188
0088 875
0087 171
0086 649
0085 763
0084 543
0083 280
0082 134
0081 191
0080 24
0079 534
0078 880
0077 496
0076 159
0075 484
0074 676
0073 625
0072 956
0071 201
0070 597
0069 857
0068 421
0067 1000
0066 545
0065 933
0064 708
0063 460
0062 149
0061 580
0060 330
0059 638
0058 811
0057 780
0056 1000
0055 972
0054 418
0053 123
0052 416
0051 860
0050 615
0049 160
0048 175
0047 466
0046 715
0045 299
0044 238
0043 294
0042 845
0041 90
0040 89
0039 153
0038 458
0037 774
0036 664
0035 586
0034 210
0033 910
0032 476
0031 548
0030 101
0029 658
0028 788
0027 874
0026 485
0025 698
0024 32
0023 302
0022 701
0021 424
0020 941
0019 373
0018 242
0017 162
0016 435
0015 447
0014 506
0013 461
0012 571
0011 894
0010 755
0009 855
0008 694
0007 501
0006 244
0005 956
0004 602
0003 300
0002 145
0001 948
