100 100
0003 0018
0003 0067
0003 0049
0004 0028
0004 0025
0004 0093
0004 0021
0005 0011
0005 0061
0005 0034
0006 0057
0006 0096
0006 0080
0006 0068
0006 0093
0007 0078
0007 0056
0008 0053
0008 0020
0009 0047
0009 0045
0010 0013
0010 0029
0012 0087
0013 0090
0013 0038
0014 0019
0015 0083
0016 0060
0016 0026
0016 0098
0017 0050
0018 0067
0018 0021
0018 0046
0019 0098
0019 0053
0019 0091
0020 0035
0020 0040
0021 0038
0021 0060
0022 0040
0023 0081
0025 0080
0025 0034
0026 0057
0026 0079
0026 0058
0026 0034
0027 0054
0027 0096
0028 0055
0029 0087
0029 0037
0031 0085
0032 0067
0032 0041
0034 0065
0035 0046
0035 0037
0036 0050
0037 0042
0038 0041
0040 0070
0041 0065
0042 0087
0043 0088
0043 0098
0045 0091
0047 0100
0047 0094
0048 0079
0051 0087
0052 0073
0052 0071
0052 0098
0054 0073
0054 0067
0054 0076
0055 0093
0056 0059
0057 0094
0058 0068
0061 0100
0062 0069
0064 0094
0066 0079
0069 0087
0070 0095
0071 0095
0072 0100
0073 0077
0074 0091
0076 0086
0079 0080
0081 0091
0092 0097
0093 0099
0093 0094
0100 311
0099 726
0098 193
0097 260
0096 9
0095 703
0094 629
0093 89
0092 372
0091 96
0090 444
0089 436
0088 653
0087 805
0086 492
0085 743
0084 656
0083 562
0082 593
0081 217
0080 774
0079 87
0078 141
0077 468
0076 157
0075 507
0074 101
0073 487
0072 899
0071 196
0070 510
0069 284
0068 426
0067 806
0066 264
0065 420
0064 323
0063 483
0062 689
0061 834
0060 628
0059 529
0058 901
0057 405
0056 715
0055 498
0054 933
0053 442
0052 912
0051 800
0050 453
0049 610
0048 894
0047 919
0046 306
0045 872
0044 275
0043 224
0042 396
0041 717
0040 689
0039 707
0038 497
0037 575
0036 283
0035 868
0034 155
0033 832
0032 675
0031 218
0030 186
0029 35
0028 587
0027 260
0026 316
0025 28
0024 931
0023 92
0022 140
0021 816
0020 451
0019 105
0018 433
0017 218
0016 497
0015 863
0014 153
0013 256
0012 77
0011 626
0010 126
0009 965
0008 251
0007 587
0006 559
0005 249
0004 169
0003 242
0002 218
0001 934
