1000 1000
0001 0274
0001 0369
0001 0069
0001 0753
0003 0336
0003 0406
0003 0624
0003 0732
0005 0824
0005 0999
0006 0339
0006 0697
0007 0788
0007 0549
0007 0926
0008 0152
0009 0887
0009 0822
0010 0484
0010 0769
0010 0515
0010 0841
0010 0427
0011 0463
0012 0288
0013 0277
0017 0976
0017 0551
0017 0709
0017 0433
0017 0469
0018 0298
0018 0442
0020 0919
0020 0783
0020 0505
0020 1000
0020 0953
0020 0449
0021 0584
0022 0686
0024 0764
0024 0594
0024 0434
0024 0292
0024 0180
0025 0637
0025 0613
0026 0963
0026 0938
0027 0043
0027 0401
0028 0231
0028 0504
0028 0228
0028 0566
0030 0231
0031 0090
0032 0326
0032 0076
0033 0940
0034 0868
0034 0692
0035 0777
0035 0766
0035 0201
0035 0212
0036 0301
0036 0987
0036 0553
0037 0143
0037 0423
0037 0993
0037 0302
0038 0055
0038 0514
0038 0123
0038 0039
0039 0534
0040 0125
0040 0592
0040 0254
0041 0498
0041 0934
0041 0187
0041 0943
0042 0634
0042 0950
0042 0856
0043 0917
0043 0563
0043 0775
0044 0125
0044 0126
0045 0970
0047 0101
0047 0400
0047 0290
0048 0403
0048 0937
0048 0224
0049 0984
0049 0222
0051 0815
0051 0723
0052 0966
0053 0586
0053 0121
0053 0117
0053 0423
0053 0820
0053 0395
0053 0106
0054 0499
0054 0532
0055 0365
0055 0250
0055 0569
0057 0560
0058 0907
0058 0545
0058 0353
0058 0755
0059 0885
0059 0741
0059 0720
0060 0682
0060 0067
0061 0896
0061 0798
0061 0450
0061 0972
0062 0077
0062 0848
0063 0742
0063 0205
0064 0635
0064 0132
0065 0593
0065 0365
0066 0886
0067 0161
0067 0824
0068 0436
0068 0078
0068 0888
0069 0985
0071 0688
0071 0180
0071 0101
0071 0810
0072 0721
0072 0476
0072 0732
0072 0357
0073 0312
0073 0476
0074 0739
0076 0380
0076 0224
0077 0552
0077 0373
0077 0571
0078 0415
0078 0701
0080 0094
0080 0307
0082 0127
0083 0118
0084 0781
0085 0939
0085 0681
0086 0665
0086 0729
0087 0733
0088 0984
0088 0409
0088 0946
0089 0365
0089 0444
0090 0556
0091 0848
0091 0745
0092 0688
0092 0118
0092 0906
0094 0926
0094 0637
0094 0594
0094 0729
0094 0804
0095 0226
0096 0658
0096 0661
0096 0114
0097 0984
0098 0502
0098 0472
0099 0757
0100 0707
0100 0808
0101 0904
0101 0387
0101 0453
0102 0378
0103 0761
0103 0107
0103 0964
0104 0678
0104 0209
0104 0624
0106 0815
0107 0824
0108 0697
0108 0386
0110 0957
0111 0299
0111 0941
0112 0940
0112 0888
0113 0995
0113 0451
0114 0934
0116 0246
0116 0663
0117 0915
0117 0876
0118 0744
0120 0273
0121 0981
0121 0846
0121 0441
0121 0785
0122 0137
0122 0788
0122 0630
0122 0681
0124 0200
0124 0647
0125 0307
0126 0451
0126 0419
0126 0412
0126 0281
0128 0784
0128 0810
0128 0201
0128 0621
0128 0438
0129 0538
0130 0454
0131 0252
0131 0467
0131 0167
0132 0316
0132 0558
0133 0599
0134 0942
0134 0784
0135 0984
0136 0962
0136 0200
0136 0148
0136 0414
0136 0533
0137 0967
0138 0207
0138 0508
0139 0850
0139 0302
0140 0317
0140 0685
0142 0914
0143 0144
0143 0294
0143 0751
0145 0738
0146 0346
0146 0680
0147 0631
0147 0957
0147 0938
0147 0656
0147 0910
0148 0807
0148 0181
0148 0186
0150 0661
0151 0254
0151 0848
0151 0811
0152 0743
0153 0341
0153 0961
0154 0513
0155 0474
0155 0807
0156 0345
0156 0756
0157 0623
0157 0471
0158 0778
0158 0260
0160 0758
0162 0505
0163 0183
0164 0283
0164 0935
0164 0608
0164 0913
0165 0514
0165 0388
0167 0334
0168 0971
0169 0309
0169 0464
0169 0768
0170 0435
0170 0792
0170 0647
0171 0734
0171 0900
0173 0594
0173 0228
0173 0992
0173 0518
0174 0488
0174 0769
0175 0962
0175 0433
0175 0696
0178 0599
0178 0691
0179 0723
0179 0358
0179 0893
0179 0930
0179 0892
0180 0325
0180 0460
0180 0738
0181 0807
0181 0327
0182 0495
0183 0680
0184 0202
0184 0457
0185 0716
0186 0828
0187 0753
0188 0677
0188 0838
0188 0437
0189 0890
0190 0726
0191 0624
0193 0991
0193 0440
0193 0565
0193 0307
0194 0853
0195 0300
0195 0480
0195 0637
0195 0233
0196 0208
0197 0768
0199 0456
0199 0662
0201 0504
0201 0571
0202 0720
0203 0897
0206 0354
0206 0292
0207 0269
0207 0984
0207 0265
0208 0327
0209 0835
0209 0948
0209 0223
0210 0318
0211 0472
0211 0415
0211 0525
0213 0909
0213 0975
0214 0463
0217 0230
0217 0777
0218 0464
0218 0821
0220 0389
0221 0304
0222 0826
0223 0876
0223 0407
0223 0422
0223 0461
0224 0593
0227 0447
0227 0942
0229 0919
0229 0432
0229 0706
0229 0530
0230 0812
0230 0794
0230 0303
0231 0808
0231 0495
0231 0277
0232 0371
0232 0515
0233 0452
0233 0671
0233 0884
0233 0981
0233 0895
0233 0276
0234 0871
0234 0480
0234 0965
0235 0581
0236 0764
0236 0761
0236 0526
0237 0608
0238 0253
0238 0464
0240 0270
0240 0948
0240 0525
0241 0757
0241 0314
0242 0637
0244 0664
0244 0376
0244 0450
0244 0629
0245 0446
0245 0552
0245 0964
0246 0671
0246 0402
0247 0524
0248 0381
0250 0302
0250 0464
0250 0489
0252 0390
0253 0920
0254 0814
0254 0486
0255 0912
0255 0601
0255 0399
0256 0884
0256 0886
0256 0827
0256 0373
0257 0924
0258 0363
0258 0371
0259 0656
0260 0638
0261 0340
0263 0712
0263 0349
0264 0958
0265 0455
0265 0800
0265 0680
0265 0524
0265 0844
0266 0939
0266 0974
0267 0997
0268 0633
0268 0462
0269 0955
0270 0918
0270 0594
0270 0745
0270 0785
0272 0483
0277 0322
0278 0886
0279 0472
0280 0535
0280 0666
0281 0812
0281 0932
0281 0289
0281 0948
0283 0732
0284 0921
0284 0970
0284 0929
0286 0503
0286 0667
0289 0483
0289 0836
0291 0654
0291 0639
0294 0855
0295 0965
0295 0758
0297 0777
0298 0471
0299 0734
0299 0809
0299 0421
0300 0875
0302 0668
0303 0990
0303 0715
0304 0617
0305 0483
0305 0933
0305 0841
0306 0922
0307 0332
0307 0606
0309 0891
0310 0372
0312 0769
0312 0689
0313 0675
0313 0480
0314 0767
0314 0883
0315 0787
0316 0617
0317 0631
0318 0919
0319 0381
0320 0582
0321 0712
0322 0574
0322 0876
0323 0625
0324 0345
0325 0913
0325 0845
0326 0475
0326 0509
0327 0693
0327 0678
0330 0521
0330 0351
0331 0473
0331 0485
0332 0417
0332 0567
0334 0737
0335 0528
0336 0781
0336 0595
0338 0819
0338 0697
0338 0809
0339 0889
0339 0896
0339 0965
0341 0577
0342 0477
0342 0407
0343 0437
0344 0589
0345 0378
0345 0759
0349 0653
0349 0489
0350 0830
0351 0865
0351 0719
0352 0955
0352 0365
0352 0511
0354 0670
0354 0495
0355 0745
0355 0518
0355 0954
0356 0980
0357 0590
0357 0852
0357 0487
0357 0603
0362 0460
0362 0532
0362 0987
0363 0499
0363 0603
0364 0367
0364 0584
0365 0455
0366 0373
0366 0843
0367 0526
0367 0684
0369 0587
0370 0512
0370 0891
0371 0501
0372 0571
0373 0912
0373 0707
0374 0897
0375 0688
0375 0408
0376 0393
0376 0528
0376 0985
0378 0380
0378 0695
0379 0954
0379 0576
0379 0960
0380 0878
0381 0655
0381 0843
0382 0440
0382 0508
0382 0500
0384 0903
0385 0838
0386 0660
0386 0868
0387 0758
0387 0879
0387 0436
0388 0389
0389 0882
0389 0612
0390 0548
0391 0999
0391 0896
0393 0491
0396 0432
0396 0824
0397 0863
0397 0779
0397 0746
0398 0422
0399 0576
0399 0608
0400 0545
0401 0640
0401 0746
0402 0406
0402 0511
0403 0457
0405 0769
0406 0874
0406 0781
0408 0578
0408 0549
0409 0958
0410 0489
0411 0455
0413 0640
0415 0574
0417 0552
0418 0878
0418 0701
0419 0989
0420 0437
0422 0661
0422 0784
0422 0584
0423 0869
0425 0751
0426 0543
0427 0464
0427 0623
0429 0657
0429 0906
0431 0645
0431 0729
0432 0495
0434 0610
0434 0445
0436 0845
0437 0927
0438 0482
0441 0614
0443 0455
0444 0505
0445 0625
0445 0686
0447 0597
0447 0859
0448 0854
0448 0742
0448 0512
0449 0585
0449 0575
0449 0945
0450 0842
0450 0831
0451 0929
0452 0943
0452 0976
0455 0859
0456 0932
0456 0497
0456 0734
0457 0934
0458 0933
0459 0937
0460 0861
0460 0590
0461 0970
0461 0708
0463 0580
0463 0707
0463 0714
0465 0473
0465 0918
0467 0838
0467 0633
0467 0639
0467 0742
0469 0560
0471 0489
0472 0988
0473 0773
0473 0978
0474 0940
0478 0765
0478 0555
0478 0523
0478 0693
0479 0559
0480 0833
0480 0672
0481 0923
0484 0732
0484 0691
0486 0920
0486 0496
0488 0592
0488 0545
0488 0950
0488 0860
0490 0517
0492 0923
0492 0494
0493 0654
0494 0881
0494 0542
0494 0643
0496 0681
0496 0511
0497 0764
0499 0650
0503 0700
0503 0867
0503 0537
0504 0693
0505 0667
0505 0900
0506 0842
0506 0938
0506 0786
0506 0772
0510 0681
0510 0669
0511 0926
0512 0706
0513 0912
0514 0983
0515 0803
0516 0652
0516 0878
0517 0659
0517 0618
0517 0713
0518 0669
0520 0979
0520 0689
0521 0903
0522 0993
0522 0548
0522 0725
0522 0759
0522 0766
0525 0929
0525 0842
0528 0649
0529 0781
0529 0595
0530 0846
0532 0624
0535 0658
0535 0612
0535 0622
0535 0890
0537 0643
0537 0676
0537 0982
0538 0919
0538 0979
0538 0639
0540 0935
0545 0615
0547 0752
0547 0789
0547 0818
0549 0999
0549 0965
0550 0778
0550 0916
0551 0677
0553 0607
0554 0809
0555 0955
0557 0783
0558 0690
0558 0574
0558 0792
0559 0792
0560 0712
0561 0888
0562 0987
0562 0791
0563 0948
0569 0615
0569 0730
0569 0619
0572 0748
0573 0713
0576 0917
0577 0674
0580 0830
0580 0611
0580 0737
0583 0804
0584 0930
0586 0715
0587 0873
0588 0826
0589 0800
0589 0906
0592 0822
0592 0720
0593 0719
0596 0686
0597 0736
0598 0622
0600 0936
0601 0756
0602 0709
0603 0849
0605 0711
0608 0969
0608 0847
0609 0727
0609 0953
0611 0627
0613 0663
0614 0771
0616 0715
0619 0763
0620 0901
0621 0652
0621 0824
0621 0630
0622 0648
0623 0795
0623 0855
0625 0972
0625 0779
0628 0867
0628 0916
0632 0880
0633 0860
0633 0974
0634 0777
0636 0924
0636 0906
0636 0753
0636 0970
0637 0980
0638 0780
0639 0816
0641 0709
0641 0731
0643 0937
0643 0678
0645 0775
0648 0918
0654 0682
0659 0925
0661 0983
0662 0981
0666 0977
0667 0979
0669 0924
0671 0691
0671 0791
0675 0824
0676 0722
0678 0750
0678 0872
0679 0916
0683 0813
0684 0870
0684 0958
0684 0811
0684 0874
0687 0720
0688 0910
0689 0862
0691 0747
0692 0712
0697 0995
0697 0769
0697 0767
0697 0859
0698 0800
0699 0965
0699 0972
0710 0762
0711 0920
0712 0843
0713 0910
0715 0833
0717 0918
0717 0952
0722 0848
0722 0981
0728 0927
0730 0916
0730 0870
0732 0821
0735 0936
0738 0749
0739 0945
0741 0993
0741 0979
0744 0778
0745 0869
0746 0998
0746 0751
0748 0931
0748 0900
0750 0982
0754 0837
0757 0783
0762 0935
0764 0984
0765 0978
0770 0882
0770 0781
0777 0862
0781 0829
0782 0919
0786 1000
0791 1000
0792 0935
0793 0805
0794 0903
0796 0816
0799 0832
0809 0844
0809 0939
0809 0970
0813 0908
0814 0992
0815 0935
0826 0954
0829 0916
0838 0926
0839 0928
0861 0943
0862 0922
0864 0985
0872 0884
0872 0898
0872 0945
0873 0919
0882 0897
0888 0889
0891 0895
0893 0950
0908 0982
0908 0974
0910 0936
0914 0917
0916 0945
0917 0988
0923 0948
0938 0951
0952 0966
0956 0979
0966 0975
1000 629
0999 148
0998 854
0997 10
0996 58
0995 208
0994 685
0993 435
0992 144
0991 82
0990 76
0989 892
0988 476
0987 433
0986 307
0985 757
0984 590
0983 352
0982 77
0981 551
0980 152
0979 528
0978 410
0977 2
0976 646
0975 744
0974 412
0973 37
0972 333
0971 395
0970 676
0969 39
0968 350
0967 137
0966 390
0965 623
0964 12
0963 552
0962 874
0961 495
0960 404
0959 828
0958 220
0957 655
0956 973
0955 948
0954 54
0953 399
0952 25
0951 431
0950 340
0949 587
0948 923
0947 159
0946 849
0945 830
0944 129
0943 21
0942 681
0941 425
0940 27
0939 246
0938 470
0937 371
0936 380
0935 597
0934 255
0933 781
0932 401
0931 376
0930 893
0929 262
0928 800
0927 343
0926 616
0925 517
0924 907
0923 946
0922 514
0921 421
0920 773
0919 754
0918 642
0917 686
0916 372
0915 91
0914 828
0913 489
0912 311
0911 464
0910 110
0909 596
0908 898
0907 768
0906 742
0905 503
0904 792
0903 648
0902 978
0901 718
0900 952
0899 689
0898 216
0897 976
0896 179
0895 883
0894 152
0893 471
0892 29
0891 129
0890 231
0889 153
0888 114
0887 207
0886 653
0885 790
0884 396
0883 450
0882 617
0881 819
0880 98
0879 176
0878 347
0877 103
0876 554
0875 936
0874 986
0873 284
0872 609
0871 874
0870 376
0869 16
0868 802
0867 41
0866 218
0865 76
0864 342
0863 400
0862 700
0861 93
0860 964
0859 516
0858 117
0857 121
0856 354
0855 536
0854 495
0853 196
0852 602
0851 678
0850 858
0849 628
0848 255
0847 421
0846 488
0845 850
0844 170
0843 574
0842 460
0841 226
0840 880
0839 484
0838 407
0837 684
0836 495
0835 994
0834 268
0833 508
0832 417
0831 7
0830 581
0829 383
0828 511
0827 664
0826 380
0825 127
0824 586
0823 181
0822 38
0821 784
0820 702
0819 527
0818 253
0817 996
0816 737
0815 159
0814 78
0813 628
0812 634
0811 747
0810 91
0809 881
0808 981
0807 917
0806 553
0805 778
0804 446
0803 956
0802 636
0801 718
0800 19
0799 511
0798 329
0797 388
0796 343
0795 983
0794 60
0793 937
0792 165
0791 276
0790 836
0789 322
0788 354
0787 291
0786 572
0785 739
0784 54
0783 815
0782 875
0781 815
0780 940
0779 134
0778 566
0777 1000
0776 775
0775 469
0774 204
0773 9
0772 479
0771 878
0770 659
0769 123
0768 789
0767 880
0766 697
0765 813
0764 308
0763 888
0762 797
0761 824
0760 696
0759 887
0758 887
0757 465
0756 548
0755 580
0754 486
0753 872
0752 278
0751 668
0750 624
0749 905
0748 253
0747 191
0746 711
0745 608
0744 614
0743 204
0742 970
0741 443
0740 595
0739 256
0738 273
0737 411
0736 926
0735 547
0734 886
0733 251
0732 125
0731 875
0730 832
0729 563
0728 350
0727 238
0726 177
0725 687
0724 756
0723 545
0722 426
0721 220
0720 202
0719 998
0718 750
0717 819
0716 152
0715 686
0714 413
0713 466
0712 948
0711 43
0710 978
0709 262
0708 666
0707 666
0706 942
0705 701
0704 119
0703 103
0702 542
0701 876
0700 690
0699 217
0698 467
0697 132
0696 549
0695 247
0694 905
0693 650
0692 19
0691 883
0690 194
0689 39
0688 178
0687 710
0686 891
0685 757
0684 546
0683 932
0682 392
0681 835
0680 942
0679 138
0678 732
0677 307
0676 203
0675 229
0674 803
0673 458
0672 847
0671 532
0670 835
0669 752
0668 541
0667 33
0666 839
0665 545
0664 973
0663 764
0662 951
0661 299
0660 321
0659 137
0658 957
0657 625
0656 45
0655 939
0654 673
0653 343
0652 830
0651 552
0650 735
0649 182
0648 559
0647 799
0646 487
0645 698
0644 127
0643 72
0642 286
0641 275
0640 79
0639 819
0638 75
0637 761
0636 83
0635 451
0634 453
0633 787
0632 864
0631 332
0630 947
0629 538
0628 285
0627 859
0626 411
0625 241
0624 436
0623 445
0622 167
0621 320
0620 730
0619 483
0618 828
0617 778
0616 781
0615 500
0614 253
0613 747
0612 766
0611 475
0610 121
0609 86
0608 879
0607 571
0606 328
0605 973
0604 671
0603 448
0602 107
0601 346
0600 947
0599 120
0598 205
0597 782
0596 175
0595 682
0594 620
0593 657
0592 774
0591 989
0590 124
0589 17
0588 686
0587 436
0586 655
0585 558
0584 616
0583 176
0582 413
0581 117
0580 855
0579 423
0578 938
0577 491
0576 494
0575 860
0574 105
0573 46
0572 990
0571 543
0570 203
0569 446
0568 744
0567 527
0566 253
0565 177
0564 665
0563 548
0562 480
0561 607
0560 972
0559 418
0558 586
0557 651
0556 940
0555 739
0554 798
0553 35
0552 97
0551 924
0550 871
0549 594
0548 234
0547 515
0546 435
0545 364
0544 37
0543 687
0542 366
0541 218
0540 211
0539 264
0538 508
0537 279
0536 567
0535 881
0534 835
0533 377
0532 832
0531 411
0530 487
0529 332
0528 733
0527 348
0526 200
0525 555
0524 745
0523 960
0522 906
0521 385
0520 280
0519 766
0518 212
0517 776
0516 688
0515 127
0514 603
0513 848
0512 803
0511 674
0510 287
0509 921
0508 68
0507 524
0506 317
0505 76
0504 448
0503 670
0502 679
0501 999
0500 631
0499 607
0498 434
0497 344
0496 554
0495 787
0494 670
0493 420
0492 160
0491 748
0490 995
0489 824
0488 476
0487 425
0486 770
0485 688
0484 873
0483 484
0482 569
0481 286
0480 185
0479 216
0478 28
0477 869
0476 9
0475 474
0474 64
0473 38
0472 745
0471 311
0470 657
0469 707
0468 420
0467 943
0466 479
0465 122
0464 419
0463 136
0462 612
0461 821
0460 950
0459 294
0458 609
0457 304
0456 557
0455 778
0454 562
0453 474
0452 852
0451 49
0450 527
0449 759
0448 62
0447 326
0446 197
0445 965
0444 819
0443 346
0442 12
0441 101
0440 77
0439 147
0438 697
0437 821
0436 735
0435 75
0434 383
0433 116
0432 103
0431 562
0430 858
0429 685
0428 758
0427 639
0426 197
0425 512
0424 117
0423 403
0422 52
0421 861
0420 98
0419 134
0418 268
0417 387
0416 339
0415 950
0414 850
0413 928
0412 762
0411 917
0410 953
0409 705
0408 546
0407 754
0406 336
0405 780
0404 449
0403 971
0402 435
0401 44
0400 407
0399 322
0398 688
0397 293
0396 630
0395 61
0394 501
0393 105
0392 74
0391 35
0390 457
0389 699
0388 954
0387 595
0386 648
0385 257
0384 943
0383 495
0382 27
0381 367
0380 669
0379 41
0378 583
0377 258
0376 353
0375 797
0374 164
0373 841
0372 914
0371 376
0370 825
0369 363
0368 154
0367 671
0366 134
0365 581
0364 486
0363 690
0362 99
0361 547
0360 836
0359 106
0358 903
0357 490
0356 709
0355 369
0354 123
0353 427
0352 595
0351 762
0350 448
0349 778
0348 317
0347 121
0346 662
0345 439
0344 649
0343 939
0342 919
0341 685
0340 49
0339 881
0338 43
0337 33
0336 425
0335 489
0334 909
0333 837
0332 423
0331 198
0330 933
0329 966
0328 604
0327 977
0326 272
0325 555
0324 986
0323 631
0322 981
0321 455
0320 39
0319 245
0318 817
0317 241
0316 121
0315 330
0314 14
0313 665
0312 146
0311 4
0310 319
0309 341
0308 255
0307 318
0306 407
0305 982
0304 91
0303 888
0302 939
0301 933
0300 177
0299 799
0298 13
0297 298
0296 833
0295 703
0294 890
0293 102
0292 354
0291 174
0290 342
0289 942
0288 738
0287 370
0286 55
0285 955
0284 906
0283 926
0282 831
0281 88
0280 814
0279 745
0278 302
0277 964
0276 731
0275 368
0274 607
0273 641
0272 49
0271 605
0270 601
0269 164
0268 659
0267 791
0266 409
0265 678
0264 540
0263 964
0262 535
0261 226
0260 21
0259 565
0258 694
0257 920
0256 253
0255 257
0254 760
0253 241
0252 600
0251 476
0250 369
0249 596
0248 179
0247 841
0246 250
0245 289
0244 926
0243 22
0242 626
0241 948
0240 450
0239 375
0238 24
0237 411
0236 118
0235 13
0234 331
0233 748
0232 461
0231 441
0230 965
0229 377
0228 834
0227 452
0226 54
0225 925
0224 631
0223 184
0222 285
0221 76
0220 74
0219 92
0218 252
0217 813
0216 257
0215 900
0214 533
0213 707
0212 623
0211 816
0210 815
0209 805
0208 8
0207 790
0206 246
0205 907
0204 745
0203 82
0202 514
0201 882
0200 891
0199 437
0198 622
0197 585
0196 50
0195 491
0194 572
0193 997
0192 177
0191 361
0190 663
0189 482
0188 840
0187 431
0186 633
0185 403
0184 321
0183 227
0182 198
0181 963
0180 783
0179 62
0178 360
0177 389
0176 152
0175 907
0174 293
0173 537
0172 141
0171 461
0170 366
0169 961
0168 383
0167 952
0166 697
0165 307
0164 796
0163 955
0162 465
0161 679
0160 754
0159 692
0158 140
0157 907
0156 52
0155 228
0154 798
0153 229
0152 739
0151 285
0150 45
0149 921
0148 238
0147 689
0146 740
0145 76
0144 644
0143 477
0142 403
0141 544
0140 9
0139 390
0138 519
0137 368
0136 48
0135 450
0134 62
0133 583
0132 913
0131 355
0130 782
0129 252
0128 483
0127 7
0126 950
0125 385
0124 499
0123 995
0122 101
0121 124
0120 62
0119 698
0118 18
0117 565
0116 995
0115 864
0114 107
0113 513
0112 732
0111 644
0110 34
0109 751
0108 998
0107 422
0106 45
0105 689
0104 719
0103 788
0102 805
0101 573
0100 808
0099 51
0098 169
0097 196
0096 740
0095 532
0094 4
0093 602
0092 920
0091 325
0090 260
0089 496
0088 938
0087 90
0086 117
0085 999
0084 703
0083 836
0082 837
0081 622
0080 687
0079 785
0078 553
0077 405
0076 628
0075 419
0074 776
0073 546
0072 788
0071 749
0070 230
0069 556
0068 602
0067 716
0066 340
0065 799
0064 228
0063 723
0062 430
0061 296
0060 384
0059 353
0058 757
0057 881
0056 736
0055 942
0054 950
0053 910
0052 649
0051 932
0050 746
0049 985
0048 806
0047 131
0046 383
0045 339
0044 58
0043 791
0042 680
0041 532
0040 902
0039 814
0038 89
0037 933
0036 519
0035 797
0034 141
0033 780
0032 604
0031 426
0030 107
0029 393
0028 142
0027 527
0026 510
0025 926
0024 152
0023 965
0022 413
0021 643
0020 530
0019 256
0018 410
0017 995
0016 945
0015 682
0014 558
0013 505
0012 393
0011 258
0010 21
0009 975
0008 733
0007 390
0006 118
0005 993
0004 958
0003 286
0002 182
0001 669
