100 100
0002 0040
0002 0028
0003 0098
0003 0079
0003 0010
0004 0076
0004 0078
0005 0037
0005 0076
0005 0010
0006 0018
0007 0050
0008 0034
0008 0077
0008 0049
0009 0066
0009 0061
0010 0095
0010 0082
0010 0096
0013 0097
0013 0041
0015 0069
0019 0037
0022 0069
0022 0094
0022 0025
0022 0046
0022 0097
0022 0062
0023 0048
0023 0033
0024 0065
0024 0054
0024 0055
0024 0099
0025 0042
0025 0081
0025 0058
0025 0076
0025 0043
0025 0033
0026 0058
0027 0044
0027 0100
0029 0058
0029 0080
0030 0061
0031 0033
0032 0062
0033 0054
0033 0053
0033 0068
0035 0094
0035 0084
0036 0048
0037 0056
0037 0059
0038 0045
0039 0069
0040 0064
0040 0042
0040 0080
0040 0068
0044 0052
0045 0070
0045 0050
0046 0070
0049 0099
0051 0062
0051 0086
0052 0087
0052 0093
0052 0069
0054 0096
0054 0094
0055 0091
0055 0075
0056 0081
0057 0085
0057 0097
0058 0089
0058 0072
0059 0095
0061 0073
0061 0077
0061 0070
0063 0094
0063 0081
0064 0083
0065 0078
0069 0075
0069 0098
0073 0085
0074 0098
0076 0082
0078 0098
0079 0085
0082 0095
0083 0096
0100 926
0099 86
0098 713
0097 380
0096 982
0095 630
0094 294
0093 967
0092 175
0091 220
0090 425
0089 187
0088 637
0087 709
0086 417
0085 975
0084 980
0083 59
0082 683
0081 622
0080 788
0079 568
0078 345
0077 69
0076 269
0075 9
0074 710
0073 93
0072 749
0071 32
0070 125
0069 544
0068 239
0067 535
0066 635
0065 2
0064 791
0063 474
0062 105
0061 344
0060 708
0059 716
0058 159
0057 972
0056 308
0055 829
0054 582
0053 748
0052 646
0051 882
0050 172
0049 247
0048 940
0047 629
0046 221
0045 553
0044 192
0043 431
0042 912
0041 641
0040 160
0039 531
0038 280
0037 961
0036 517
0035 357
0034 396
0033 438
0032 56
0031 147
0030 610
0029 178
0028 190
0027 563
0026 311
0025 390
0024 110
0023 301
0022 529
0021 563
0020 168
0019 506
0018 9
0017 410
0016 705
0015 605
0014 99
0013 818
0012 956
0011 8
0010 376
0009 3
0008 795
0007 891
0006 254
0005 97
0004 486
0003 25
0002 398
0001 843
