10 100
0002 0043
0005 0018
0005 0034
0012 0066
0039 0086
0053 0088
0057 0074
0059 0089
0065 0092
0081 0088
0100 197
0099 41
0098 518
0097 576
0096 230
0095 838
0094 354
0093 948
0092 128
0091 844
0090 953
0089 6
0088 397
0087 480
0086 136
0085 123
0084 983
0083 976
0082 891
0081 935
0080 241
0079 752
0078 305
0077 186
0076 909
0075 251
0074 267
0073 425
0072 623
0071 837
0070 846
0069 335
0068 57
0067 727
0066 838
0065 190
0064 320
0063 963
0062 629
0061 984
0060 815
0059 848
0058 837
0057 523
0056 923
0055 320
0054 202
0053 845
0052 296
0051 216
0050 276
0049 867
0048 450
0047 607
0046 515
0045 48
0044 757
0043 763
0042 956
0041 701
0040 201
0039 73
0038 140
0037 124
0036 912
0035 339
0034 570
0033 225
0032 802
0031 247
0030 185
0029 379
0028 916
0027 613
0026 525
0025 983
0024 20
0023 177
0022 247
0021 838
0020 96
0019 690
0018 780
0017 272
0016 223
0015 122
0014 443
0013 209
0012 991
0011 832
0010 158
0009 115
0008 857
0007 746
0006 784
0005 548
0004 955
0003 566
0002 305
0001 170
