200 200
0001 0065
0001 0003
0002 0084
0002 0017
0003 0061
0003 0096
0003 0025
0003 0063
0003 0088
0003 0145
0005 0036
0005 0059
0009 0115
0010 0030
0011 0154
0012 0176
0012 0109
0013 0167
0013 0104
0013 0061
0013 0101
0014 0136
0015 0085
0016 0027
0019 0127
0019 0048
0019 0087
0019 0059
0019 0109
0021 0060
0021 0146
0021 0091
0021 0084
0023 0072
0024 0139
0024 0147
0025 0113
0025 0048
0025 0176
0026 0040
0027 0097
0027 0087
0028 0083
0028 0074
0029 0142
0029 0083
0030 0108
0030 0046
0031 0154
0033 0161
0035 0190
0035 0141
0036 0072
0036 0185
0037 0047
0038 0041
0038 0050
0038 0154
0039 0044
0039 0130
0039 0180
0039 0045
0040 0151
0041 0107
0041 0045
0041 0089
0044 0051
0045 0047
0045 0150
0046 0199
0046 0115
0047 0139
0047 0199
0047 0160
0049 0101
0049 0100
0050 0168
0050 0116
0051 0173
0052 0088
0052 0160
0053 0186
0054 0095
0055 0079
0055 0179
0055 0129
0056 0193
0057 0120
0057 0136
0057 0176
0058 0176
0058 0138
0059 0101
0059 0178
0061 0144
0061 0095
0062 0171
0062 0188
0063 0161
0064 0121
0066 0165
0066 0187
0067 0174
0068 0155
0069 0090
0069 0150
0070 0196
0070 0197
0070 0088
0072 0167
0073 0098
0075 0194
0077 0136
0078 0149
0078 0154
0078 0144
0079 0188
0080 0160
0080 0081
0080 0110
0081 0125
0081 0158
0082 0131
0083 0151
0086 0118
0086 0146
0087 0120
0087 0168
0089 0108
0089 0196
0090 0187
0090 0189
0092 0183
0093 0161
0093 0180
0094 0152
0095 0139
0096 0099
0096 0159
0097 0130
0099 0198
0099 0101
0100 0181
0100 0109
0101 0105
0102 0198
0104 0196
0105 0172
0108 0200
0109 0139
0112 0122
0112 0171
0112 0133
0113 0123
0115 0197
0115 0187
0117 0118
0117 0183
0123 0185
0127 0196
0128 0166
0129 0151
0129 0186
0130 0144
0130 0185
0130 0188
0131 0144
0132 0169
0132 0165
0133 0190
0134 0136
0135 0155
0135 0149
0136 0188
0137 0176
0138 0186
0138 0190
0142 0176
0142 0185
0143 0171
0143 0199
0146 0179
0146 0161
0147 0163
0148 0190
0148 0200
0150 0185
0151 0181
0152 0174
0152 0181
0152 0180
0153 0158
0158 0167
0161 0181
0162 0170
0164 0181
0168 0195
0174 0190
0174 0188
0178 0185
0200 651
0199 103
0198 308
0197 85
0196 138
0195 688
0194 220
0193 284
0192 358
0191 903
0190 888
0189 388
0188 368
0187 996
0186 376
0185 693
0184 935
0183 916
0182 925
0181 588
0180 888
0179 894
0178 862
0177 588
0176 948
0175 954
0174 371
0173 63
0172 418
0171 509
0170 272
0169 45
0168 686
0167 602
0166 100
0165 204
0164 346
0163 374
0162 386
0161 825
0160 324
0159 739
0158 135
0157 206
0156 976
0155 912
0154 406
0153 213
0152 560
0151 758
0150 817
0149 955
0148 329
0147 94
0146 288
0145 488
0144 592
0143 353
0142 214
0141 854
0140 437
0139 280
0138 546
0137 567
0136 790
0135 862
0134 28
0133 437
0132 639
0131 674
0130 169
0129 292
0128 97
0127 473
0126 425
0125 315
0124 841
0123 283
0122 382
0121 27
0120 282
0119 373
0118 591
0117 214
0116 389
0115 567
0114 63
0113 517
0112 216
0111 535
0110 768
0109 419
0108 436
0107 894
0106 83
0105 997
0104 172
0103 289
0102 60
0101 462
0100 99
0099 539
0098 297
0097 853
0096 293
0095 449
0094 524
0093 994
0092 545
0091 174
0090 698
0089 386
0088 157
0087 855
0086 546
0085 671
0084 955
0083 450
0082 898
0081 819
0080 899
0079 611
0078 46
0077 510
0076 656
0075 215
0074 947
0073 710
0072 431
0071 509
0070 52
0069 903
0068 813
0067 825
0066 538
0065 236
0064 225
0063 619
0062 393
0061 396
0060 522
0059 551
0058 784
0057 256
0056 634
0055 822
0054 97
0053 731
0052 155
0051 245
0050 778
0049 171
0048 417
0047 213
0046 651
0045 216
0044 952
0043 707
0042 866
0041 339
0040 95
0039 824
0038 515
0037 257
0036 254
0035 916
0034 91
0033 423
0032 900
0031 991
0030 807
0029 616
0028 748
0027 912
0026 505
0025 933
0024 320
0023 569
0022 547
0021 981
0020 966
0019 754
0018 959
0017 765
0016 242
0015 653
0014 302
0013 337
0012 189
0011 970
0010 607
0009 771
0008 389
0007 756
0006 10
0005 659
0004 133
0003 28
0002 966
0001 657
