300 300
0002 0171
0003 0238
0004 0199
0004 0195
0004 0296
0005 0164
0005 0293
0005 0218
0006 0088
0007 0159
0007 0047
0007 0101
0007 0144
0008 0103
0008 0189
0008 0176
0008 0172
0008 0102
0008 0059
0008 0047
0010 0112
0010 0236
0011 0269
0012 0107
0013 0063
0013 0295
0014 0170
0015 0064
0016 0052
0016 0274
0016 0178
0017 0126
0017 0276
0017 0092
0018 0171
0018 0105
0019 0023
0019 0203
0020 0300
0021 0225
0023 0217
0023 0146
0024 0150
0024 0247
0024 0127
0024 0126
0025 0166
0026 0145
0027 0253
0027 0179
0027 0141
0027 0070
0027 0203
0028 0171
0028 0232
0028 0192
0028 0203
0029 0171
0029 0210
0029 0049
0029 0208
0030 0203
0031 0288
0031 0173
0032 0063
0032 0047
0033 0278
0033 0189
0033 0096
0033 0074
0034 0227
0035 0239
0036 0270
0036 0166
0036 0280
0037 0041
0037 0105
0038 0227
0038 0052
0039 0145
0039 0048
0040 0088
0040 0273
0041 0058
0041 0133
0042 0134
0042 0083
0043 0140
0043 0126
0046 0268
0046 0232
0046 0277
0046 0214
0047 0147
0047 0286
0047 0150
0048 0218
0048 0227
0048 0260
0048 0136
0049 0130
0049 0098
0049 0061
0049 0214
0049 0132
0050 0079
0050 0165
0051 0240
0052 0172
0053 0258
0053 0111
0054 0131
0054 0201
0055 0131
0055 0275
0057 0277
0057 0106
0057 0274
0058 0119
0059 0245
0060 0256
0060 0292
0060 0212
0060 0204
0061 0290
0062 0187
0062 0247
0064 0235
0064 0251
0065 0204
0066 0147
0066 0105
0066 0108
0066 0234
0067 0076
0067 0296
0068 0278
0069 0124
0069 0154
0070 0287
0070 0300
0071 0181
0071 0238
0072 0296
0074 0246
0076 0130
0076 0158
0076 0181
0077 0098
0077 0105
0077 0215
0078 0267
0078 0134
0079 0143
0080 0224
0081 0220
0084 0233
0084 0293
0085 0126
0085 0170
0086 0251
0086 0279
0089 0176
0089 0133
0089 0298
0089 0184
0089 0193
0090 0116
0090 0098
0091 0259
0092 0261
0092 0210
0092 0218
0094 0189
0094 0265
0094 0202
0096 0217
0096 0175
0096 0130
0098 0168
0100 0259
0101 0244
0101 0165
0101 0114
0101 0229
0104 0281
0104 0262
0105 0125
0106 0116
0106 0109
0107 0243
0110 0262
0110 0207
0114 0193
0115 0135
0116 0126
0116 0280
0116 0165
0120 0192
0120 0128
0120 0133
0120 0235
0123 0296
0123 0213
0124 0128
0125 0268
0125 0249
0127 0173
0128 0129
0129 0294
0130 0225
0130 0190
0133 0225
0134 0140
0135 0274
0135 0208
0135 0263
0135 0166
0138 0226
0138 0171
0138 0243
0138 0271
0139 0295
0139 0292
0144 0224
0145 0281
0146 0268
0149 0206
0149 0204
0150 0258
0151 0184
0151 0180
0152 0272
0152 0243
0152 0183
0154 0267
0154 0206
0155 0170
0155 0186
0159 0184
0160 0188
0161 0227
0161 0258
0164 0239
0164 0181
0165 0296
0165 0260
0166 0238
0166 0278
0167 0257
0167 0281
0168 0282
0168 0235
0172 0244
0172 0220
0177 0227
0177 0196
0178 0246
0178 0185
0178 0245
0181 0267
0182 0220
0182 0266
0184 0208
0185 0290
0185 0248
0187 0256
0190 0254
0194 0259
0194 0233
0196 0293
0198 0223
0199 0263
0199 0291
0199 0295
0202 0276
0202 0282
0203 0296
0207 0228
0208 0298
0211 0257
0211 0216
0212 0278
0217 0272
0219 0255
0222 0260
0224 0268
0227 0231
0229 0248
0232 0263
0233 0264
0233 0251
0240 0299
0240 0268
0243 0247
0245 0270
0246 0272
0267 0280
0272 0277
0299 0300
0300 123
0299 324
0298 820
0297 230
0296 25
0295 273
0294 204
0293 878
0292 657
0291 223
0290 769
0289 17
0288 221
0287 17
0286 394
0285 461
0284 882
0283 490
0282 376
0281 943
0280 374
0279 39
0278 99
0277 545
0276 626
0275 997
0274 275
0273 656
0272 729
0271 461
0270 64
0269 501
0268 376
0267 197
0266 620
0265 186
0264 653
0263 218
0262 455
0261 591
0260 564
0259 938
0258 843
0257 669
0256 816
0255 46
0254 825
0253 28
0252 352
0251 240
0250 195
0249 880
0248 779
0247 801
0246 932
0245 345
0244 244
0243 462
0242 85
0241 915
0240 57
0239 172
0238 506
0237 258
0236 456
0235 417
0234 884
0233 146
0232 371
0231 117
0230 952
0229 855
0228 727
0227 658
0226 688
0225 32
0224 743
0223 544
0222 8
0221 178
0220 942
0219 244
0218 779
0217 634
0216 397
0215 929
0214 175
0213 378
0212 537
0211 223
0210 119
0209 8
0208 440
0207 427
0206 408
0205 491
0204 382
0203 896
0202 230
0201 920
0200 875
0199 453
0198 287
0197 780
0196 376
0195 486
0194 648
0193 499
0192 858
0191 743
0190 511
0189 632
0188 453
0187 222
0186 393
0185 533
0184 900
0183 65
0182 332
0181 397
0180 136
0179 40
0178 752
0177 929
0176 864
0175 236
0174 562
0173 712
0172 808
0171 160
0170 873
0169 122
0168 581
0167 559
0166 804
0165 295
0164 79
0163 838
0162 899
0161 891
0160 736
0159 500
0158 654
0157 461
0156 860
0155 207
0154 435
0153 177
0152 753
0151 312
0150 52
0149 506
0148 82
0147 986
0146 727
0145 172
0144 566
0143 606
0142 512
0141 785
0140 494
0139 211
0138 324
0137 802
0136 695
0135 773
0134 295
0133 984
0132 349
0131 675
0130 753
0129 611
0128 513
0127 901
0126 669
0125 859
0124 780
0123 6
0122 602
0121 133
0120 908
0119 166
0118 269
0117 1
0116 822
0115 676
0114 622
0113 202
0112 45
0111 170
0110 714
0109 461
0108 913
0107 200
0106 465
0105 278
0104 220
0103 286
0102 1
0101 15
0100 33
0099 268
0098 51
0097 721
0096 582
0095 429
0094 4
0093 368
0092 236
0091 275
0090 422
0089 939
0088 876
0087 820
0086 296
0085 458
0084 444
0083 38
0082 76
0081 987
0080 587
0079 23
0078 376
0077 613
0076 409
0075 752
0074 775
0073 142
0072 410
0071 522
0070 144
0069 675
0068 460
0067 970
0066 999
0065 559
0064 127
0063 257
0062 859
0061 422
0060 661
0059 447
0058 792
0057 169
0056 426
0055 929
0054 733
0053 644
0052 678
0051 312
0050 865
0049 998
0048 504
0047 421
0046 386
0045 466
0044 965
0043 106
0042 30
0041 420
0040 546
0039 66
0038 397
0037 909
0036 294
0035 907
0034 639
0033 731
0032 587
0031 723
0030 346
0029 803
0028 591
0027 265
0026 670
0025 136
0024 117
0023 6
0022 861
0021 144
0020 658
0019 283
0018 525
0017 677
0016 365
0015 316
0014 384
0013 129
0012 206
0011 278
0010 606
0009 638
0008 699
0007 197
0006 649
0005 477
0004 374
0003 753
0002 841
0001 46
