30 30
0002 0025
0002 0009
0003 0014
0004 0026
0005 0027
0005 0019
0006 0019
0006 0008
0007 0014
0007 0013
0009 0024
0009 0018
0010 0030
0012 0025
0012 0013
0012 0024
0012 0026
0013 0024
0015 0016
0015 0018
0018 0029
0018 0019
0018 0025
0018 0020
0019 0026
0020 0023
0021 0025
0022 0027
0022 0024
0024 0030
0030 693
0029 5
0028 738
0027 284
0026 841
0025 599
0024 765
0023 695
0022 752
0021 809
0020 319
0019 630
0018 359
0017 398
0016 223
0015 845
0014 836
0013 369
0012 641
0011 154
0010 411
0009 564
0008 310
0007 859
0006 717
0005 707
0004 512
0003 929
0002 806
0001 140
