400 400
0002 0026
0003 0245
0003 0270
0004 0268
0007 0152
0008 0351
0009 0091
0010 0305
0010 0224
0011 0250
0011 0031
0012 0288
0012 0290
0014 0085
0014 0319
0014 0268
0014 0034
0015 0160
0015 0230
0016 0069
0016 0261
0017 0376
0018 0375
0019 0338
0020 0341
0020 0396
0021 0050
0022 0038
0022 0150
0022 0085
0022 0243
0023 0359
0023 0364
0023 0390
0023 0156
0024 0219
0025 0276
0025 0389
0025 0370
0026 0204
0026 0079
0026 0188
0026 0208
0027 0090
0028 0058
0028 0308
0029 0346
0029 0265
0030 0293
0032 0173
0033 0078
0033 0150
0033 0292
0034 0259
0035 0379
0035 0241
0035 0252
0035 0260
0035 0138
0035 0183
0036 0130
0036 0039
0037 0342
0038 0142
0038 0090
0039 0152
0041 0396
0041 0305
0042 0048
0042 0051
0042 0144
0043 0374
0043 0201
0043 0380
0044 0074
0044 0257
0045 0339
0045 0282
0050 0156
0050 0221
0052 0067
0052 0286
0052 0079
0052 0178
0053 0267
0053 0076
0053 0268
0054 0191
0055 0334
0055 0179
0056 0201
0056 0378
0056 0261
0056 0178
0056 0349
0057 0225
0057 0186
0058 0280
0058 0092
0058 0076
0058 0172
0059 0232
0060 0287
0061 0269
0061 0301
0063 0306
0063 0152
0066 0089
0067 0386
0067 0164
0067 0311
0068 0218
0069 0148
0070 0378
0071 0359
0072 0397
0073 0328
0073 0225
0074 0222
0074 0227
0074 0160
0076 0216
0077 0157
0077 0134
0078 0325
0078 0183
0079 0153
0079 0197
0079 0134
0080 0284
0080 0363
0081 0395
0081 0108
0082 0091
0082 0335
0082 0149
0083 0137
0083 0333
0083 0262
0083 0383
0084 0281
0084 0212
0086 0327
0086 0149
0086 0152
0088 0363
0088 0330
0089 0311
0092 0184
0097 0398
0097 0134
0098 0362
0099 0389
0099 0132
0099 0291
0099 0195
0099 0220
0100 0250
0100 0112
0101 0343
0102 0156
0102 0172
0102 0327
0103 0332
0103 0115
0104 0389
0104 0376
0104 0130
0105 0367
0105 0252
0106 0363
0106 0205
0106 0129
0107 0115
0107 0321
0107 0178
0108 0315
0108 0343
0109 0371
0110 0173
0110 0399
0111 0286
0111 0173
0111 0222
0112 0338
0115 0297
0115 0139
0116 0243
0117 0190
0118 0197
0118 0186
0119 0319
0119 0288
0120 0240
0121 0390
0121 0360
0122 0358
0122 0306
0125 0155
0126 0145
0126 0233
0127 0354
0127 0274
0128 0157
0129 0294
0130 0237
0130 0379
0131 0244
0132 0150
0132 0208
0134 0385
0135 0173
0136 0268
0136 0207
0136 0354
0137 0334
0137 0375
0138 0298
0140 0362
0141 0279
0141 0176
0143 0344
0143 0221
0144 0226
0144 0367
0144 0304
0145 0351
0146 0169
0147 0339
0147 0258
0147 0226
0151 0207
0151 0384
0151 0387
0152 0323
0152 0361
0152 0194
0153 0313
0155 0174
0156 0224
0156 0231
0156 0230
0156 0318
0157 0262
0157 0333
0158 0281
0159 0197
0160 0259
0160 0341
0161 0243
0161 0368
0164 0360
0164 0289
0164 0221
0165 0241
0165 0283
0167 0273
0167 0260
0167 0261
0168 0319
0168 0339
0172 0383
0173 0226
0174 0222
0175 0249
0176 0210
0176 0236
0180 0300
0180 0244
0180 0309
0183 0346
0184 0353
0184 0295
0185 0343
0186 0365
0186 0223
0190 0294
0190 0370
0191 0278
0192 0309
0193 0384
0194 0213
0194 0268
0195 0342
0196 0291
0196 0316
0196 0282
0196 0232
0197 0251
0197 0383
0197 0367
0197 0335
0199 0230
0202 0361
0202 0265
0203 0358
0203 0270
0204 0356
0204 0375
0208 0360
0208 0347
0213 0342
0213 0226
0213 0336
0214 0295
0216 0384
0218 0287
0220 0333
0224 0365
0224 0392
0227 0349
0228 0398
0228 0323
0229 0377
0229 0395
0230 0360
0230 0282
0230 0258
0233 0377
0233 0379
0235 0245
0235 0256
0236 0265
0236 0240
0236 0298
0237 0272
0237 0320
0238 0302
0238 0348
0240 0362
0242 0340
0244 0383
0244 0341
0245 0286
0255 0387
0255 0335
0257 0290
0258 0400
0258 0398
0259 0388
0259 0353
0259 0396
0259 0339
0260 0320
0262 0285
0263 0314
0264 0340
0265 0373
0268 0326
0269 0391
0271 0394
0273 0342
0273 0291
0273 0368
0273 0378
0273 0331
0276 0347
0276 0311
0277 0298
0278 0308
0281 0314
0285 0381
0288 0341
0297 0340
0297 0359
0298 0351
0298 0362
0299 0300
0302 0390
0302 0308
0303 0341
0304 0370
0304 0383
0305 0385
0311 0357
0317 0383
0321 0374
0323 0330
0324 0368
0324 0349
0327 0373
0332 0336
0332 0355
0333 0371
0334 0393
0334 0369
0338 0393
0340 0343
0342 0382
0342 0387
0345 0346
0346 0369
0347 0379
0348 0372
0350 0378
0350 0397
0364 0374
0377 0400
0380 0387
0381 0386
0400 296
0399 119
0398 739
0397 731
0396 318
0395 629
0394 797
0393 307
0392 605
0391 459
0390 287
0389 297
0388 245
0387 141
0386 751
0385 19
0384 659
0383 503
0382 60
0381 874
0380 586
0379 727
0378 331
0377 698
0376 585
0375 163
0374 569
0373 688
0372 276
0371 21
0370 842
0369 60
0368 63
0367 766
0366 145
0365 537
0364 792
0363 906
0362 856
0361 715
0360 109
0359 128
0358 618
0357 40
0356 782
0355 229
0354 152
0353 154
0352 20
0351 921
0350 873
0349 140
0348 410
0347 2
0346 949
0345 235
0344 275
0343 80
0342 572
0341 847
0340 181
0339 233
0338 506
0337 810
0336 588
0335 293
0334 207
0333 97
0332 937
0331 84
0330 940
0329 96
0328 156
0327 599
0326 623
0325 986
0324 112
0323 669
0322 923
0321 889
0320 838
0319 607
0318 586
0317 291
0316 221
0315 94
0314 861
0313 574
0312 737
0311 675
0310 261
0309 893
0308 1
0307 287
0306 10
0305 316
0304 654
0303 164
0302 652
0301 792
0300 328
0299 628
0298 385
0297 635
0296 474
0295 40
0294 526
0293 582
0292 618
0291 732
0290 529
0289 791
0288 282
0287 785
0286 950
0285 798
0284 866
0283 115
0282 617
0281 411
0280 162
0279 492
0278 108
0277 514
0276 242
0275 256
0274 721
0273 737
0272 277
0271 595
0270 489
0269 881
0268 853
0267 64
0266 494
0265 611
0264 24
0263 300
0262 975
0261 917
0260 460
0259 362
0258 938
0257 845
0256 447
0255 663
0254 839
0253 702
0252 274
0251 777
0250 41
0249 537
0248 742
0247 220
0246 400
0245 197
0244 24
0243 117
0242 206
0241 490
0240 865
0239 786
0238 919
0237 26
0236 945
0235 289
0234 308
0233 25
0232 925
0231 441
0230 665
0229 718
0228 646
0227 799
0226 854
0225 899
0224 821
0223 129
0222 475
0221 290
0220 380
0219 624
0218 927
0217 696
0216 62
0215 297
0214 547
0213 911
0212 937
0211 908
0210 306
0209 246
0208 523
0207 82
0206 492
0205 531
0204 347
0203 728
0202 907
0201 668
0200 226
0199 745
0198 717
0197 122
0196 193
0195 347
0194 484
0193 520
0192 356
0191 56
0190 203
0189 955
0188 736
0187 264
0186 570
0185 497
0184 633
0183 845
0182 843
0181 727
0180 959
0179 735
0178 597
0177 6
0176 282
0175 345
0174 344
0173 645
0172 115
0171 476
0170 803
0169 125
0168 437
0167 706
0166 371
0165 905
0164 428
0163 446
0162 773
0161 300
0160 165
0159 762
0158 22
0157 192
0156 134
0155 209
0154 1
0153 964
0152 895
0151 966
0150 937
0149 125
0148 306
0147 300
0146 391
0145 257
0144 102
0143 120
0142 269
0141 720
0140 82
0139 388
0138 548
0137 236
0136 928
0135 270
0134 915
0133 18
0132 528
0131 832
0130 169
0129 392
0128 55
0127 16
0126 214
0125 978
0124 983
0123 731
0122 757
0121 752
0120 985
0119 214
0118 828
0117 227
0116 272
0115 909
0114 503
0113 744
0112 640
0111 935
0110 642
0109 747
0108 927
0107 458
0106 661
0105 864
0104 67
0103 595
0102 597
0101 517
0100 676
0099 609
0098 88
0097 436
0096 762
0095 339
0094 785
0093 624
0092 698
0091 238
0090 110
0089 702
0088 198
0087 355
0086 942
0085 327
0084 235
0083 697
0082 486
0081 770
0080 943
0079 767
0078 726
0077 895
0076 338
0075 973
0074 400
0073 129
0072 380
0071 59
0070 712
0069 404
0068 136
0067 177
0066 450
0065 863
0064 183
0063 161
0062 256
0061 619
0060 8
0059 434
0058 67
0057 982
0056 294
0055 607
0054 749
0053 593
0052 346
0051 631
0050 93
0049 896
0048 523
0047 38
0046 906
0045 739
0044 84
0043 820
0042 523
0041 480
0040 557
0039 485
0038 446
0037 780
0036 716
0035 537
0034 679
0033 594
0032 909
0031 436
0030 339
0029 859
0028 719
0027 160
0026 374
0025 247
0024 658
0023 937
0022 378
0021 602
0020 302
0019 745
0018 418
0017 706
0016 53
0015 158
0014 686
0013 960
0012 476
0011 257
0010 527
0009 317
0008 981
0007 448
0006 869
0005 695
0004 769
0003 823
0002 398
0001 645
