40 40
0001 0033
0001 0039
0002 0004
0002 0020
0002 0028
0003 0006
0004 0022
0004 0007
0005 0015
0007 0023
0007 0039
0007 0020
0007 0014
0007 0025
0010 0028
0011 0024
0011 0026
0012 0024
0013 0037
0014 0030
0015 0024
0016 0036
0016 0029
0017 0032
0017 0033
0021 0035
0022 0027
0023 0028
0023 0034
0024 0030
0027 0038
0028 0038
0028 0036
0028 0035
0028 0032
0031 0039
0031 0040
0032 0036
0033 0034
0037 0038
0040 68
0039 172
0038 512
0037 368
0036 43
0035 594
0034 922
0033 33
0032 696
0031 785
0030 8
0029 689
0028 814
0027 283
0026 146
0025 429
0024 553
0023 331
0022 488
0021 352
0020 161
0019 774
0018 628
0017 534
0016 850
0015 727
0014 914
0013 857
0012 338
0011 22
0010 735
0009 416
0008 571
0007 681
0006 360
0005 700
0004 490
0003 102
0002 325
0001 149
