500 500
0002 0165
0002 0297
0002 0315
0002 0161
0002 0057
0004 0497
0005 0069
0005 0087
0005 0335
0007 0120
0007 0165
0007 0034
0007 0213
0008 0227
0008 0381
0008 0348
0010 0083
0010 0468
0010 0357
0011 0047
0011 0125
0011 0097
0012 0357
0012 0130
0013 0347
0013 0213
0013 0118
0014 0446
0015 0323
0015 0114
0016 0181
0016 0265
0016 0356
0017 0337
0017 0339
0018 0405
0020 0378
0020 0344
0020 0172
0020 0308
0021 0360
0022 0430
0023 0474
0023 0390
0023 0324
0024 0222
0024 0307
0025 0265
0025 0171
0026 0356
0026 0101
0026 0392
0027 0090
0027 0186
0027 0323
0027 0158
0028 0105
0028 0101
0030 0463
0031 0068
0031 0496
0031 0283
0031 0346
0032 0185
0032 0176
0032 0293
0032 0069
0032 0335
0032 0436
0032 0377
0034 0445
0034 0187
0035 0436
0035 0494
0035 0313
0035 0130
0036 0465
0036 0467
0037 0161
0037 0415
0037 0073
0037 0271
0038 0092
0038 0213
0038 0069
0038 0226
0040 0058
0040 0274
0041 0297
0041 0259
0042 0498
0042 0405
0044 0291
0045 0280
0045 0072
0045 0458
0046 0214
0046 0182
0047 0409
0048 0457
0048 0324
0049 0146
0049 0475
0050 0493
0051 0261
0051 0391
0053 0367
0053 0391
0053 0297
0054 0207
0054 0416
0054 0450
0055 0264
0056 0409
0056 0266
0057 0458
0058 0245
0059 0325
0060 0441
0060 0189
0062 0235
0063 0090
0064 0385
0065 0381
0067 0224
0067 0285
0069 0283
0069 0448
0069 0203
0070 0404
0071 0099
0071 0267
0072 0153
0073 0306
0073 0241
0073 0248
0074 0487
0074 0493
0074 0370
0074 0218
0076 0217
0077 0338
0078 0332
0078 0493
0080 0371
0080 0470
0080 0211
0081 0484
0081 0132
0081 0088
0083 0311
0083 0161
0084 0182
0085 0368
0086 0280
0088 0117
0089 0307
0090 0362
0090 0334
0091 0173
0092 0439
0093 0199
0093 0137
0093 0482
0094 0121
0095 0413
0096 0286
0097 0413
0099 0266
0099 0469
0100 0308
0100 0278
0100 0163
0101 0413
0102 0288
0103 0480
0107 0331
0107 0452
0107 0109
0107 0193
0108 0412
0108 0381
0108 0224
0108 0487
0109 0378
0109 0347
0109 0406
0109 0225
0110 0138
0110 0413
0110 0475
0112 0291
0113 0339
0113 0487
0113 0117
0113 0205
0114 0238
0114 0164
0116 0249
0116 0498
0117 0129
0117 0326
0118 0209
0118 0446
0118 0268
0118 0223
0120 0197
0120 0258
0121 0385
0121 0386
0122 0241
0122 0437
0123 0163
0124 0472
0125 0453
0125 0425
0125 0446
0125 0188
0126 0482
0126 0131
0126 0443
0126 0148
0129 0146
0129 0475
0129 0259
0130 0191
0132 0353
0133 0456
0134 0147
0134 0453
0136 0227
0137 0460
0137 0272
0137 0431
0138 0237
0139 0498
0139 0491
0140 0320
0140 0392
0145 0299
0146 0183
0146 0406
0146 0498
0146 0369
0147 0325
0148 0290
0149 0167
0151 0309
0152 0431
0152 0213
0152 0189
0152 0403
0152 0168
0154 0465
0154 0494
0154 0443
0154 0261
0158 0486
0160 0345
0161 0329
0161 0327
0162 0367
0162 0245
0162 0276
0164 0278
0164 0288
0164 0461
0165 0216
0165 0445
0165 0436
0167 0289
0168 0260
0168 0366
0170 0456
0170 0416
0171 0295
0172 0326
0172 0378
0172 0277
0172 0462
0173 0270
0174 0288
0176 0215
0176 0216
0176 0234
0179 0417
0179 0343
0181 0458
0183 0361
0183 0275
0184 0454
0184 0370
0185 0414
0185 0408
0186 0382
0186 0365
0186 0197
0186 0190
0186 0278
0187 0210
0187 0285
0187 0282
0189 0488
0189 0390
0190 0490
0191 0259
0192 0403
0192 0436
0192 0282
0192 0496
0196 0359
0198 0300
0198 0442
0199 0282
0200 0477
0200 0247
0201 0209
0202 0410
0203 0325
0204 0273
0205 0215
0205 0435
0205 0254
0206 0303
0206 0485
0209 0499
0209 0406
0211 0448
0211 0380
0212 0213
0212 0426
0214 0421
0215 0388
0215 0234
0217 0235
0218 0400
0222 0316
0225 0351
0226 0466
0226 0353
0227 0499
0228 0396
0229 0237
0230 0336
0232 0252
0232 0351
0233 0490
0234 0428
0235 0468
0235 0493
0236 0387
0236 0367
0237 0351
0237 0438
0238 0384
0238 0258
0241 0448
0241 0250
0242 0478
0245 0314
0247 0248
0247 0350
0249 0454
0250 0489
0250 0322
0251 0445
0252 0296
0252 0395
0253 0396
0254 0300
0255 0383
0257 0405
0258 0305
0259 0339
0259 0404
0260 0478
0261 0471
0261 0334
0262 0462
0263 0454
0263 0452
0264 0394
0264 0333
0266 0418
0266 0352
0267 0392
0268 0495
0269 0440
0271 0363
0273 0344
0273 0348
0279 0297
0280 0482
0281 0403
0282 0459
0282 0330
0283 0317
0285 0323
0285 0286
0287 0491
0289 0419
0290 0335
0290 0453
0291 0420
0291 0349
0292 0492
0293 0428
0294 0429
0295 0428
0295 0403
0295 0425
0295 0309
0296 0498
0296 0427
0296 0467
0297 0420
0299 0443
0299 0367
0302 0380
0303 0477
0303 0418
0303 0428
0304 0348
0306 0487
0307 0356
0308 0383
0309 0426
0309 0335
0310 0418
0310 0436
0311 0417
0312 0399
0312 0350
0318 0434
0319 0367
0320 0369
0321 0347
0322 0388
0322 0445
0324 0359
0326 0372
0328 0375
0333 0483
0336 0348
0345 0387
0345 0468
0346 0465
0347 0361
0348 0380
0348 0439
0349 0382
0351 0361
0354 0424
0355 0398
0356 0473
0358 0404
0359 0433
0365 0452
0366 0373
0367 0452
0367 0475
0369 0457
0369 0432
0371 0495
0372 0452
0375 0427
0375 0464
0377 0454
0381 0391
0381 0479
0382 0460
0382 0448
0386 0447
0387 0417
0388 0406
0389 0433
0393 0483
0393 0447
0394 0435
0397 0433
0398 0420
0400 0473
0401 0466
0401 0430
0401 0472
0403 0495
0413 0424
0422 0432
0424 0433
0428 0445
0428 0500
0437 0456
0445 0482
0454 0478
0459 0460
0461 0479
0467 0485
0471 0477
0478 0488
0485 0490
0500 311
0499 144
0498 428
0497 318
0496 133
0495 307
0494 936
0493 424
0492 921
0491 751
0490 895
0489 467
0488 394
0487 475
0486 818
0485 787
0484 409
0483 154
0482 404
0481 840
0480 494
0479 770
0478 851
0477 410
0476 518
0475 720
0474 979
0473 528
0472 595
0471 241
0470 528
0469 685
0468 877
0467 180
0466 490
0465 556
0464 232
0463 303
0462 342
0461 166
0460 94
0459 503
0458 819
0457 570
0456 566
0455 340
0454 185
0453 76
0452 333
0451 396
0450 329
0449 528
0448 52
0447 734
0446 537
0445 441
0444 441
0443 138
0442 231
0441 53
0440 579
0439 967
0438 48
0437 91
0436 649
0435 973
0434 473
0433 545
0432 170
0431 213
0430 694
0429 527
0428 114
0427 598
0426 297
0425 23
0424 547
0423 185
0422 13
0421 801
0420 586
0419 654
0418 251
0417 370
0416 484
0415 528
0414 525
0413 581
0412 913
0411 735
0410 81
0409 126
0408 264
0407 93
0406 553
0405 226
0404 355
0403 604
0402 329
0401 154
0400 828
0399 517
0398 600
0397 34
0396 519
0395 995
0394 642
0393 477
0392 122
0391 386
0390 205
0389 283
0388 171
0387 122
0386 106
0385 982
0384 137
0383 777
0382 135
0381 601
0380 589
0379 968
0378 747
0377 754
0376 282
0375 451
0374 737
0373 498
0372 731
0371 519
0370 745
0369 514
0368 780
0367 448
0366 91
0365 928
0364 84
0363 488
0362 974
0361 66
0360 2
0359 999
0358 480
0357 250
0356 861
0355 663
0354 334
0353 3
0352 584
0351 87
0350 38
0349 907
0348 902
0347 427
0346 179
0345 737
0344 425
0343 857
0342 881
0341 185
0340 826
0339 695
0338 914
0337 238
0336 764
0335 220
0334 481
0333 320
0332 434
0331 164
0330 380
0329 486
0328 59
0327 64
0326 679
0325 301
0324 514
0323 205
0322 111
0321 561
0320 491
0319 747
0318 260
0317 316
0316 898
0315 769
0314 834
0313 901
0312 182
0311 272
0310 921
0309 746
0308 303
0307 477
0306 228
0305 273
0304 212
0303 730
0302 40
0301 195
0300 968
0299 247
0298 686
0297 690
0296 93
0295 301
0294 66
0293 213
0292 225
0291 740
0290 348
0289 882
0288 521
0287 30
0286 479
0285 283
0284 867
0283 483
0282 672
0281 92
0280 432
0279 710
0278 377
0277 507
0276 298
0275 807
0274 887
0273 49
0272 250
0271 91
0270 321
0269 480
0268 166
0267 257
0266 682
0265 422
0264 905
0263 415
0262 953
0261 633
0260 243
0259 860
0258 230
0257 139
0256 498
0255 886
0254 728
0253 672
0252 177
0251 656
0250 621
0249 182
0248 520
0247 332
0246 657
0245 205
0244 28
0243 159
0242 523
0241 790
0240 632
0239 861
0238 68
0237 976
0236 284
0235 82
0234 969
0233 913
0232 614
0231 324
0230 75
0229 154
0228 54
0227 757
0226 373
0225 71
0224 175
0223 485
0222 622
0221 453
0220 506
0219 975
0218 880
0217 300
0216 716
0215 515
0214 752
0213 983
0212 556
0211 908
0210 39
0209 745
0208 342
0207 354
0206 840
0205 123
0204 659
0203 211
0202 579
0201 188
0200 108
0199 397
0198 985
0197 704
0196 461
0195 920
0194 433
0193 667
0192 231
0191 514
0190 971
0189 72
0188 848
0187 658
0186 619
0185 597
0184 222
0183 617
0182 80
0181 858
0180 954
0179 726
0178 845
0177 650
0176 290
0175 561
0174 855
0173 536
0172 402
0171 890
0170 48
0169 830
0168 668
0167 451
0166 124
0165 154
0164 573
0163 971
0162 570
0161 714
0160 274
0159 36
0158 93
0157 313
0156 202
0155 824
0154 740
0153 786
0152 398
0151 983
0150 639
0149 21
0148 839
0147 884
0146 547
0145 568
0144 14
0143 689
0142 375
0141 472
0140 474
0139 272
0138 952
0137 144
0136 269
0135 52
0134 818
0133 16
0132 816
0131 831
0130 144
0129 18
0128 608
0127 869
0126 37
0125 369
0124 185
0123 889
0122 420
0121 67
0120 66
0119 334
0118 781
0117 73
0116 441
0115 488
0114 794
0113 52
0112 817
0111 396
0110 393
0109 826
0108 841
0107 110
0106 530
0105 225
0104 511
0103 682
0102 979
0101 443
0100 157
0099 789
0098 786
0097 643
0096 930
0095 812
0094 131
0093 608
0092 420
0091 868
0090 803
0089 431
0088 212
0087 677
0086 748
0085 717
0084 3
0083 473
0082 433
0081 909
0080 860
0079 321
0078 413
0077 135
0076 321
0075 146
0074 63
0073 194
0072 531
0071 571
0070 409
0069 995
0068 644
0067 195
0066 97
0065 446
0064 167
0063 577
0062 127
0061 501
0060 611
0059 611
0058 768
0057 127
0056 980
0055 467
0054 899
0053 602
0052 306
0051 607
0050 586
0049 44
0048 998
0047 552
0046 595
0045 110
0044 738
0043 334
0042 335
0041 195
0040 784
0039 633
0038 26
0037 335
0036 566
0035 234
0034 949
0033 771
0032 640
0031 860
0030 361
0029 464
0028 6
0027 797
0026 469
0025 194
0024 976
0023 610
0022 945
0021 480
0020 216
0019 258
0018 107
0017 312
0016 551
0015 393
0014 754
0013 336
0012 762
0011 848
0010 330
0009 163
0008 726
0007 763
0006 872
0005 376
0004 594
0003 691
0002 182
0001 521
