50 50
0002 0030
0003 0044
0003 0046
0004 0013
0005 0023
0005 0046
0006 0031
0006 0009
0007 0045
0007 0042
0008 0012
0009 0023
0009 0040
0009 0011
0009 0035
0010 0012
0011 0031
0012 0014
0012 0018
0012 0045
0015 0033
0015 0050
0015 0046
0016 0036
0016 0019
0016 0022
0017 0029
0017 0050
0018 0022
0018 0041
0018 0033
0019 0035
0019 0046
0020 0044
0020 0028
0021 0036
0022 0023
0022 0035
0022 0038
0025 0029
0025 0038
0026 0036
0026 0043
0028 0038
0028 0046
0030 0034
0034 0040
0035 0048
0044 0045
0045 0049
0050 857
0049 991
0048 334
0047 470
0046 744
0045 175
0044 302
0043 121
0042 150
0041 463
0040 692
0039 229
0038 967
0037 90
0036 174
0035 627
0034 651
0033 785
0032 927
0031 789
0030 973
0029 813
0028 258
0027 540
0026 66
0025 777
0024 91
0023 681
0022 420
0021 533
0020 159
0019 894
0018 192
0017 537
0016 197
0015 485
0014 909
0013 799
0012 741
0011 729
0010 463
0009 965
0008 408
0007 605
0006 530
0005 89
0004 863
0003 130
0002 506
0001 853
