7 50
0015 0021
0016 0029
0019 0032
0022 0040
0026 0037
0035 0046
0041 0048
0050 777
0049 928
0048 670
0047 307
0046 372
0045 951
0044 699
0043 978
0042 116
0041 296
0040 798
0039 863
0038 533
0037 93
0036 977
0035 208
0034 243
0033 742
0032 596
0031 7
0030 403
0029 724
0028 582
0027 315
0026 950
0025 61
0024 661
0023 571
0022 893
0021 857
0020 154
0019 368
0018 921
0017 306
0016 736
0015 362
0014 482
0013 209
0012 382
0011 302
0010 947
0009 998
0008 891
0007 919
0006 787
0005 871
0004 930
0003 843
0002 935
0001 174
