60 60
0002 0007
0002 0030
0003 0011
0004 0057
0005 0052
0005 0026
0005 0044
0006 0018
0006 0053
0006 0026
0007 0035
0008 0049
0009 0020
0009 0045
0009 0047
0009 0053
0010 0049
0012 0055
0013 0026
0013 0054
0014 0053
0015 0033
0015 0044
0016 0045
0016 0024
0016 0059
0016 0058
0017 0057
0017 0050
0019 0039
0019 0055
0019 0035
0019 0030
0020 0048
0020 0033
0021 0039
0021 0033
0023 0051
0024 0060
0025 0059
0025 0043
0027 0050
0027 0053
0029 0038
0029 0052
0031 0038
0032 0034
0033 0044
0035 0044
0035 0054
0036 0039
0037 0046
0040 0057
0041 0047
0041 0048
0042 0049
0044 0053
0045 0055
0046 0058
0048 0059
0060 629
0059 104
0058 459
0057 161
0056 91
0055 270
0054 332
0053 134
0052 80
0051 144
0050 771
0049 184
0048 422
0047 799
0046 753
0045 407
0044 743
0043 520
0042 324
0041 583
0040 652
0039 811
0038 137
0037 427
0036 745
0035 635
0034 43
0033 984
0032 311
0031 693
0030 450
0029 966
0028 418
0027 284
0026 520
0025 642
0024 4
0023 20
0022 664
0021 127
0020 289
0019 862
0018 360
0017 727
0016 517
0015 372
0014 361
0013 28
0012 315
0011 414
0010 604
0009 644
0008 568
0007 483
0006 991
0005 437
0004 598
0003 563
0002 497
0001 909
