7 60
0005 0045
0006 0029
0012 0018
0018 0058
0019 0030
0034 0038
0038 0053
0060 949
0059 133
0058 621
0057 799
0056 456
0055 403
0054 643
0053 857
0052 20
0051 600
0050 586
0049 881
0048 238
0047 291
0046 851
0045 217
0044 969
0043 196
0042 281
0041 840
0040 217
0039 662
0038 702
0037 616
0036 608
0035 464
0034 831
0033 264
0032 735
0031 254
0030 329
0029 778
0028 232
0027 597
0026 964
0025 567
0024 137
0023 574
0022 950
0021 50
0020 588
0019 58
0018 163
0017 146
0016 604
0015 728
0014 484
0013 532
0012 106
0011 522
0010 69
0009 873
0008 305
0007 783
0006 196
0005 460
0004 599
0003 525
0002 519
0001 207
