70 70
0002 0027
0002 0020
0005 0010
0005 0035
0005 0050
0006 0020
0008 0019
0008 0014
0009 0018
0009 0047
0009 0039
0011 0053
0011 0063
0011 0037
0012 0039
0012 0055
0013 0019
0014 0069
0015 0045
0015 0037
0015 0043
0016 0057
0017 0046
0018 0058
0019 0069
0020 0066
0020 0031
0021 0057
0021 0035
0022 0064
0022 0061
0023 0039
0023 0045
0024 0054
0025 0042
0025 0060
0025 0056
0025 0039
0026 0036
0026 0031
0027 0070
0030 0044
0030 0066
0030 0069
0030 0070
0031 0033
0032 0043
0032 0049
0035 0062
0035 0064
0035 0046
0037 0046
0038 0070
0039 0043
0039 0069
0039 0056
0040 0062
0040 0050
0040 0061
0041 0062
0044 0056
0046 0058
0046 0050
0047 0069
0047 0050
0052 0053
0055 0069
0056 0057
0057 0060
0063 0070
0070 636
0069 43
0068 850
0067 77
0066 436
0065 118
0064 76
0063 441
0062 260
0061 535
0060 1
0059 416
0058 1
0057 651
0056 483
0055 575
0054 27
0053 249
0052 557
0051 424
0050 915
0049 391
0048 986
0047 607
0046 861
0045 648
0044 502
0043 54
0042 638
0041 940
0040 844
0039 791
0038 255
0037 968
0036 271
0035 288
0034 403
0033 591
0032 36
0031 211
0030 981
0029 553
0028 95
0027 62
0026 750
0025 44
0024 118
0023 961
0022 134
0021 728
0020 732
0019 678
0018 464
0017 983
0016 767
0015 550
0014 563
0013 629
0012 371
0011 761
0010 517
0009 4
0008 199
0007 110
0006 811
0005 123
0004 185
0003 556
0002 127
0001 992
