8 70
0009 0051
0026 0041
0032 0046
0034 0059
0036 0065
0044 0063
0054 0055
0063 0068
0070 479
0069 277
0068 43
0067 956
0066 186
0065 617
0064 178
0063 598
0062 408
0061 812
0060 606
0059 215
0058 543
0057 577
0056 204
0055 614
0054 205
0053 734
0052 132
0051 309
0050 219
0049 782
0048 202
0047 847
0046 58
0045 528
0044 84
0043 699
0042 703
0041 296
0040 252
0039 206
0038 915
0037 197
0036 328
0035 109
0034 526
0033 907
0032 841
0031 811
0030 717
0029 305
0028 281
0027 944
0026 289
0025 374
0024 848
0023 523
0022 587
0021 752
0020 920
0019 18
0018 773
0017 93
0016 40
0015 727
0014 794
0013 397
0012 126
0011 300
0010 528
0009 927
0008 568
0007 354
0006 973
0005 868
0004 581
0003 847
0002 344
0001 441
